100	1000	
F	0	21.029291	24.290290	1
F	1	2.663864	3.644376	1
F	2	10.449203	12.658860	1
F	3	20.994165	1.991530	1
F	4	17.624471	19.288989	1
F	5	29.718098	8.871549	1
F	6	8.140101	2.089680	1
F	7	28.489181	11.465257	1
F	8	9.681303	29.650965	1
F	9	25.275662	8.259426	1
F	10	17.898800	16.692610	1
F	11	25.437240	5.538710	1
F	12	11.924092	26.692889	1
F	13	25.514418	9.531895	1
F	14	3.089043	1.347015	1
F	15	19.349735	24.118334	1
F	16	25.637305	22.013599	1
F	17	27.762710	6.086508	1
F	18	4.672459	18.756875	1
F	19	8.078038	22.296930	1
F	20	8.045864	7.796136	1
F	21	1.168478	16.185965	1
F	22	9.885816	29.657660	1
F	23	27.651222	19.567119	1
F	24	29.308625	22.926884	1
F	25	27.826545	17.207425	1
F	26	9.619494	23.263785	1
F	27	22.746135	21.543586	1
F	28	19.956673	18.260553	1
F	29	1.075481	23.045716	1
F	30	19.607568	20.425217	1
F	31	17.164050	15.244873	1
F	32	12.438816	14.926759	1
F	33	21.331381	17.111275	1
F	34	3.683634	29.409419	1
F	35	9.408205	11.729498	1
F	36	7.205555	10.576683	1
F	37	27.915463	17.091371	1
F	38	10.234342	25.566684	1
F	39	6.658489	9.542967	1
F	40	18.493568	4.485034	1
F	41	26.750392	28.113062	1
F	42	27.748819	19.496527	1
F	43	19.656648	17.705492	1
F	44	7.757080	20.732130	1
F	45	10.751208	27.364648	1
F	46	11.157346	27.915257	1
F	47	12.609521	23.596162	1
F	48	12.842017	3.940902	1
F	49	10.707437	16.525651	1
F	50	3.350321	20.115642	1
F	51	28.255148	10.555876	1
F	52	0.692324	26.170611	1
F	53	27.647246	10.926667	1
F	54	21.737295	4.305736	1
F	55	20.469634	10.230864	1
F	56	8.790770	17.220026	1
F	57	8.343926	6.539588	1
F	58	6.716553	28.000574	1
F	59	24.245080	14.473633	1
F	60	18.732704	4.996288	1
F	61	11.838282	29.890050	1
F	62	2.911545	24.447803	1
F	63	23.486213	15.753562	1
F	64	28.388705	4.193650	1
F	65	2.279212	1.739026	1
F	66	24.309291	0.534361	1
F	67	12.294902	25.001616	1
F	68	26.704972	9.942148	1
F	69	5.928283	18.442267	1
F	70	14.247884	26.397917	1
F	71	28.673131	23.038654	1
F	72	13.617943	7.017057	1
F	73	29.578242	20.334496	1
F	74	5.017631	23.823322	1
F	75	4.808129	23.750335	1
F	76	28.819610	16.646411	1
F	77	23.640385	1.731155	1
F	78	11.094214	17.126598	1
F	79	17.484716	9.482919	1
F	80	21.320248	19.763929	1
F	81	11.221945	15.629539	1
F	82	20.298289	23.516847	1
F	83	10.631155	17.003261	1
F	84	3.458995	16.559438	1
F	85	5.445528	17.706879	1
F	86	12.957355	4.118659	1
F	87	10.745533	26.575297	1
F	88	11.135715	10.323775	1
F	89	16.909793	16.153346	1
F	90	4.147097	21.717923	1
F	91	9.903681	2.966707	1
F	92	8.364334	3.544066	1
F	93	4.697861	19.458548	1
F	94	20.670665	22.182578	1
F	95	28.941467	11.990912	1
F	96	11.946506	10.163412	1
F	97	27.620452	2.244796	1
F	98	3.680259	8.251607	1
F	99	19.248057	7.139255	1
C	0	24.811045	24.693585	12
C	1	24.846134	7.768399	70
C	2	28.812243	5.591667	21
C	3	4.343697	9.947958	62
C	4	15.915442	21.253490	90
C	5	26.101304	20.062540	37
C	6	12.971413	6.004985	12
C	7	23.029246	21.335747	50
C	8	9.549052	27.727108	28
C	9	10.794295	0.219716	91
C	10	19.909685	9.735762	57
C	11	12.210629	1.856191	28
C	12	19.899174	9.831080	73
C	13	4.100987	23.579434	12
C	14	18.082687	23.349044	83
C	15	0.718688	12.893732	10
C	16	18.042628	25.564822	40
C	17	20.662131	16.854872	53
C	18	1.156489	25.005827	72
C	19	26.802830	17.071931	37
C	20	16.259317	22.904134	98
C	21	7.134471	29.230730	100
C	22	28.909120	0.163717	65
C	23	20.566477	8.458172	48
C	24	27.890825	1.360772	18
C	25	8.677888	17.800510	1
C	26	11.096533	20.888517	63
C	27	19.656702	0.995707	77
C	28	0.719597	23.757689	76
C	29	24.575141	18.802284	6
C	30	17.106732	25.293829	55
C	31	1.696016	5.149361	87
C	32	20.858651	22.358146	27
C	33	22.004232	22.015141	75
C	34	17.363974	18.807062	100
C	35	9.087072	3.623291	17
C	36	11.711196	16.221543	12
C	37	2.854021	10.620316	64
C	38	16.385260	23.420498	18
C	39	19.078488	14.276085	91
C	40	24.781270	27.756376	6
C	41	2.076595	5.877803	74
C	42	18.644893	21.733297	18
C	43	6.873511	19.364490	78
C	44	15.490986	1.448652	37
C	45	8.166774	2.597718	100
C	46	26.742481	9.862790	87
C	47	7.747078	17.601132	28
C	48	2.220936	29.751311	4
C	49	9.616273	19.584910	10
C	50	18.558373	18.703345	65
C	51	23.208201	0.269569	53
C	52	4.924888	26.062222	62
C	53	10.889885	21.310148	81
C	54	19.482720	29.968373	100
C	55	5.586233	14.263990	79
C	56	27.724749	7.662829	33
C	57	20.141793	16.369642	15
C	58	29.396126	27.015304	55
C	59	5.734132	14.887111	60
C	60	28.463956	13.900906	72
C	61	17.484829	25.206437	9
C	62	23.763695	25.231908	98
C	63	12.807569	25.984632	99
C	64	24.983218	22.423842	83
C	65	15.569541	13.541591	50
C	66	11.127186	8.777742	67
C	67	13.811160	16.052074	46
C	68	4.839964	24.701045	13
C	69	7.362222	24.322684	84
C	70	24.669419	12.948456	36
C	71	8.586674	22.394168	18
C	72	20.611284	28.728467	9
C	73	8.763810	20.007410	5
C	74	25.743771	14.497942	95
C	75	4.894522	24.207727	45
C	76	28.398848	22.379351	56
C	77	19.414163	22.162543	33
C	78	17.611259	2.221732	73
C	79	18.147175	12.594477	59
C	80	24.645574	3.716716	95
C	81	26.136068	5.772760	89
C	82	12.494458	9.947228	12
C	83	21.824835	17.334422	56
C	84	4.648274	29.187057	21
C	85	11.657106	29.317693	63
C	86	12.135513	20.243780	34
C	87	21.711860	2.746797	54
C	88	18.972248	0.475670	77
C	89	22.754207	14.716019	40
C	90	14.973612	27.648729	65
C	91	8.923746	13.372460	49
C	92	20.028080	28.337909	100
C	93	5.535003	7.639339	63
C	94	0.559642	23.682177	99
C	95	20.233816	25.205216	34
C	96	27.398893	16.369884	12
C	97	0.977976	9.893351	65
C	98	26.317113	22.802811	80
C	99	27.227772	0.965387	24
C	100	21.989868	8.884878	48
C	101	0.283079	4.125380	67
C	102	29.128659	21.994940	93
C	103	6.872177	18.100906	8
C	104	22.470610	29.626384	72
C	105	2.816925	7.444222	39
C	106	27.275113	11.740671	52
C	107	20.816682	17.303193	79
C	108	10.078581	26.351684	23
C	109	24.942532	10.638222	76
C	110	20.033862	15.176348	38
C	111	5.843438	17.432754	17
C	112	1.546232	6.821414	16
C	113	27.326105	27.863345	1
C	114	29.624225	24.553878	72
C	115	28.828732	21.614093	37
C	116	3.438756	29.111811	63
C	117	25.739473	2.567415	57
C	118	21.106750	2.611650	42
C	119	20.668321	13.577360	92
C	120	2.238034	23.485247	48
C	121	21.021582	29.513147	6
C	122	5.225918	11.838264	92
C	123	16.816340	15.304499	47
C	124	8.189949	11.758871	20
C	125	25.942721	28.223810	90
C	126	26.935219	1.786159	81
C	127	15.656564	28.481451	31
C	128	8.607573	12.982670	6
C	129	26.344796	8.231798	12
C	130	7.536547	25.173528	6
C	131	29.845891	10.975303	5
C	132	24.285338	25.585364	78
C	133	13.542718	15.392089	98
C	134	28.197014	4.211039	12
C	135	28.969449	0.435048	1
C	136	27.696285	19.991032	36
C	137	29.948195	2.922203	15
C	138	1.829296	16.764535	80
C	139	18.226702	10.019244	59
C	140	28.523406	14.169423	91
C	141	8.243054	25.458625	69
C	142	15.955582	23.899619	27
C	143	23.940076	24.563156	6
C	144	6.882288	20.284872	69
C	145	2.794954	14.418836	51
C	146	15.458400	2.640845	94
C	147	25.394139	9.743738	83
C	148	28.226209	8.936856	7
C	149	25.135827	26.423222	35
C	150	13.147895	24.105276	26
C	151	26.858270	10.844181	55
C	152	14.096308	26.806465	93
C	153	13.766384	15.925604	69
C	154	13.571000	1.993086	1
C	155	25.944848	12.094406	12
C	156	16.162509	4.187902	58
C	157	7.553031	2.118092	33
C	158	28.087521	1.493107	95
C	159	26.681247	4.969810	15
C	160	21.777979	29.476201	44
C	161	19.388645	7.236379	100
C	162	2.117046	14.782784	19
C	163	16.980117	0.343255	22
C	164	23.719640	12.115944	50
C	165	26.766478	6.867536	82
C	166	6.221220	23.624748	74
C	167	17.711716	20.317528	85
C	168	20.431213	1.478100	97
C	169	6.243131	4.002212	5
C	170	3.471186	2.187979	95
C	171	16.096618	19.633696	87
C	172	6.375881	23.649649	73
C	173	21.751787	4.463402	22
C	174	25.142756	18.433035	44
C	175	9.433212	16.920735	93
C	176	17.909236	28.821857	72
C	177	24.157113	20.026282	38
C	178	13.604641	11.137230	28
C	179	20.369538	7.324281	30
C	180	23.253174	17.136015	24
C	181	14.191817	29.474394	53
C	182	10.760763	1.903533	36
C	183	19.791921	1.191976	16
C	184	3.381633	26.035052	22
C	185	5.194188	6.852820	89
C	186	28.223031	21.290806	80
C	187	26.486515	4.598912	31
C	188	14.940455	18.238303	21
C	189	9.062315	10.083210	74
C	190	6.671337	18.495527	98
C	191	27.003945	24.580573	65
C	192	17.317384	21.161058	25
C	193	14.606855	0.922025	16
C	194	2.298288	4.976393	38
C	195	8.246306	25.551462	74
C	196	22.112408	22.438122	98
C	197	25.025855	2.873171	63
C	198	24.341655	14.817776	11
C	199	4.065147	27.723288	94
C	200	10.852829	9.259335	68
C	201	4.576108	9.075860	5
C	202	0.550141	1.062624	32
C	203	13.674772	15.490596	92
C	204	19.300926	22.737087	78
C	205	25.573806	25.972263	75
C	206	11.232614	22.577751	85
C	207	20.552836	28.549998	49
C	208	13.738808	5.159692	12
C	209	29.472022	16.037096	12
C	210	10.136085	7.718328	31
C	211	11.588558	2.248493	88
C	212	0.156450	6.614413	16
C	213	5.121665	24.498105	66
C	214	21.432190	9.186812	55
C	215	22.221394	2.285019	89
C	216	18.446147	26.797502	54
C	217	11.360878	18.996288	34
C	218	27.860126	25.035651	72
C	219	4.486884	17.161052	75
C	220	17.772738	0.060690	59
C	221	13.133315	29.005352	69
C	222	22.638440	3.686151	91
C	223	27.555349	6.377249	84
C	224	8.845843	27.027371	36
C	225	22.414345	18.981928	28
C	226	4.745699	4.002903	57
C	227	21.230421	4.902149	85
C	228	10.617317	26.352086	42
C	229	29.400255	2.049507	67
C	230	5.538897	21.621649	78
C	231	4.334525	23.985044	9
C	232	18.419151	15.695404	24
C	233	12.981332	16.279276	61
C	234	10.731055	17.468216	1
C	235	3.440328	28.503792	1
C	236	17.528906	16.573643	36
C	237	27.509144	10.167347	37
C	238	20.259794	25.064493	2
C	239	16.544596	29.105637	99
C	240	22.091864	8.958941	100
C	241	18.087565	26.837563	32
C	242	12.961844	9.317986	86
C	243	1.739713	23.579161	15
C	244	5.670071	1.139967	97
C	245	25.628668	11.208969	93
C	246	22.761616	29.963193	4
C	247	5.194013	11.180767	3
C	248	15.658597	18.175346	26
C	249	27.460043	26.389652	75
C	250	5.643562	0.900371	29
C	251	24.893444	23.172468	37
C	252	17.474013	22.402588	95
C	253	3.339815	7.733807	19
C	254	17.467081	19.884411	20
C	255	6.839444	9.558945	30
C	256	28.843351	24.927009	98
C	257	6.396508	11.805196	28
C	258	4.244995	8.136221	15
C	259	5.384357	9.915066	39
C	260	9.276188	1.013025	47
C	261	21.124035	2.037804	44
C	262	0.976219	26.318048	100
C	263	13.218571	16.634816	70
C	264	14.493394	10.678613	5
C	265	13.024468	20.136956	52
C	266	11.578984	7.917912	22
C	267	13.309424	29.052997	92
C	268	0.320499	16.649239	88
C	269	6.786805	17.787580	23
C	270	6.533649	13.626249	42
C	271	27.346525	5.377001	87
C	272	8.553258	3.743033	6
C	273	17.182196	12.798253	80
C	274	11.879253	22.566553	53
C	275	22.713320	21.155441	55
C	276	23.579579	13.837355	72
C	277	23.193246	24.555797	8
C	278	10.155403	6.411816	57
C	279	11.190613	24.648797	49
C	280	17.090430	24.215081	34
C	281	14.785753	28.669414	85
C	282	2.132992	28.095177	85
C	283	27.722411	2.453492	28
C	284	14.744416	4.509216	55
C	285	20.241072	21.278065	4
C	286	18.135465	17.587596	58
C	287	26.655066	26.688723	4
C	288	21.330629	13.837262	84
C	289	9.486977	3.209883	72
C	290	6.403816	2.200296	42
C	291	24.365324	29.983394	30
C	292	16.037651	17.558570	67
C	293	24.539191	26.193055	93
C	294	23.970386	5.729804	51
C	295	20.841852	11.060815	71
C	296	29.944885	5.627605	44
C	297	9.730229	2.077877	72
C	298	3.722781	7.452640	14
C	299	4.531369	18.467197	31
C	300	11.961856	24.772440	47
C	301	9.745262	0.097321	56
C	302	12.360037	6.400328	69
C	303	26.786045	3.690666	52
C	304	20.237590	6.273021	87
C	305	6.900548	26.641405	22
C	306	8.473318	1.265872	58
C	307	26.624800	24.510969	58
C	308	18.824442	21.163991	81
C	309	20.704023	12.794827	14
C	310	26.893795	11.545875	6
C	311	23.855643	26.838680	15
C	312	17.173480	3.585872	50
C	313	28.916556	20.896261	91
C	314	11.038512	3.447925	42
C	315	9.363458	23.000368	56
C	316	28.220365	19.108720	46
C	317	23.097690	10.580402	51
C	318	25.509048	19.883734	59
C	319	14.271067	15.746638	81
C	320	26.156756	21.171616	74
C	321	12.388043	4.630073	53
C	322	22.437488	9.012843	10
C	323	29.141042	11.261930	41
C	324	0.176834	19.845066	45
C	325	24.056757	27.070629	12
C	326	1.390941	17.912400	63
C	327	23.909308	18.564421	89
C	328	21.498272	22.825865	36
C	329	9.460682	2.536784	77
C	330	26.273790	18.824140	71
C	331	25.537152	24.494155	82
C	332	7.932861	18.634842	84
C	333	5.074556	3.441909	40
C	334	8.518576	19.345624	85
C	335	19.188546	4.675332	70
C	336	10.517240	1.576590	13
C	337	9.305406	2.954728	43
C	338	10.589432	8.446448	79
C	339	14.216657	10.766266	93
C	340	28.291514	8.273414	8
C	341	7.836895	29.682455	36
C	342	26.185814	1.746203	59
C	343	18.246876	17.684086	10
C	344	24.572067	27.707557	78
C	345	20.220870	20.845857	53
C	346	16.531698	15.758022	65
C	347	15.340011	24.464558	76
C	348	4.392864	20.414568	3
C	349	27.906467	12.911441	24
C	350	9.760192	17.095013	56
C	351	17.586773	20.277431	77
C	352	18.671603	26.892178	76
C	353	23.232159	29.261035	18
C	354	5.338626	7.448816	69
C	355	10.027301	3.630140	72
C	356	15.722231	17.864196	29
C	357	3.312595	11.908045	31
C	358	19.610398	21.559470	60
C	359	29.592131	14.182465	16
C	360	19.267027	19.813001	59
C	361	5.028322	5.798725	31
C	362	5.571024	20.368334	49
C	363	0.263283	9.963888	94
C	364	10.782901	28.169750	22
C	365	22.875328	20.543093	34
C	366	15.264763	10.462101	15
C	367	10.820524	3.936366	86
C	368	7.354279	4.052683	28
C	369	3.197401	12.692905	93
C	370	11.501500	13.224703	30
C	371	16.323045	27.223730	87
C	372	1.088898	19.635639	81
C	373	9.131775	20.699296	89
C	374	11.195109	8.723906	96
C	375	4.881762	0.462137	58
C	376	28.536907	9.910084	41
C	377	6.260862	4.107931	13
C	378	0.278418	6.524145	85
C	379	14.071818	11.061319	95
C	380	4.693895	6.947147	88
C	381	1.604412	19.958659	41
C	382	17.409247	12.424936	23
C	383	23.895025	24.763526	15
C	384	16.477620	27.092426	58
C	385	7.456431	27.979119	91
C	386	10.317129	23.779476	86
C	387	25.202849	11.406027	38
C	388	13.415115	4.334624	74
C	389	2.105324	24.610224	46
C	390	13.058530	6.987086	54
C	391	25.072361	11.595437	84
C	392	16.897170	1.333223	28
C	393	15.703368	17.175587	2
C	394	7.857368	29.775186	78
C	395	28.236906	12.551263	1
C	396	6.722333	29.841318	87
C	397	2.509922	24.131580	44
C	398	12.266255	26.404947	38
C	399	18.895106	28.743875	66
C	400	23.497374	26.351538	89
C	401	26.722994	3.814503	67
C	402	20.131014	21.925843	53
C	403	15.220530	3.546129	69
C	404	26.260468	17.325853	7
C	405	28.156353	9.318998	100
C	406	24.312939	23.228714	78
C	407	20.914435	11.210109	47
C	408	24.561937	6.617802	12
C	409	28.385696	2.419305	63
C	410	6.392988	26.622602	42
C	411	14.970569	13.115321	99
C	412	26.463920	17.480491	55
C	413	7.246901	8.730175	64
C	414	13.885438	26.142007	13
C	415	7.474050	7.382812	12
C	416	22.493545	4.197044	7
C	417	11.197315	12.624559	51
C	418	26.122887	26.417844	1
C	419	16.170688	22.383355	32
C	420	13.743698	14.327041	48
C	421	1.702352	8.056637	6
C	422	7.555755	22.616787	15
C	423	19.266745	2.117692	27
C	424	29.234589	17.652441	8
C	425	4.536997	5.627577	44
C	426	14.275043	19.507566	27
C	427	18.742898	10.738964	46
C	428	6.988056	25.989799	88
C	429	19.469139	20.873495	16
C	430	22.131806	26.943189	12
C	431	28.256306	14.625351	76
C	432	1.140232	9.453621	82
C	433	27.249909	27.263119	16
C	434	5.871465	13.420597	96
C	435	19.646474	19.615163	89
C	436	27.747638	21.348826	15
C	437	27.671800	5.303393	25
C	438	13.965613	16.938545	87
C	439	7.421085	13.200203	27
C	440	4.590986	11.958082	87
C	441	18.827780	18.866029	28
C	442	1.465648	7.570678	77
C	443	29.604993	8.453704	93
C	444	3.560477	19.074132	44
C	445	29.327199	25.692283	42
C	446	16.017321	27.583505	4
C	447	10.317634	17.157553	2
C	448	7.037126	7.567543	92
C	449	14.420672	12.908592	57
C	450	20.988140	4.067147	33
C	451	2.523755	18.735778	39
C	452	25.415973	0.195555	62
C	453	24.039170	9.381586	47
C	454	17.134100	1.460255	17
C	455	22.581789	21.725086	21
C	456	13.418337	11.409569	91
C	457	10.591115	14.883985	95
C	458	18.980247	10.196109	67
C	459	23.337689	22.540724	30
C	460	29.270241	22.664888	10
C	461	18.233007	15.287561	78
C	462	20.248394	28.550641	57
C	463	2.445114	27.285520	91
C	464	6.118184	16.865787	93
C	465	10.194112	27.106324	52
C	466	20.932933	12.717867	31
C	467	15.842102	16.348906	59
C	468	12.913421	9.881273	76
C	469	25.730493	0.047521	18
C	470	11.341528	18.312281	85
C	471	21.772607	24.759865	15
C	472	29.721851	2.363722	97
C	473	9.643850	18.702098	14
C	474	12.559831	2.981540	7
C	475	11.242822	11.830071	92
C	476	25.646428	29.475830	55
C	477	27.117633	15.894822	63
C	478	28.026471	29.562747	93
C	479	13.180342	4.144655	98
C	480	16.428533	23.374454	71
C	481	1.250979	7.361466	25
C	482	6.092321	17.093081	88
C	483	23.710373	19.005742	32
C	484	26.974354	19.440865	24
C	485	19.053263	8.315882	4
C	486	7.753147	10.825870	53
C	487	3.075747	7.474997	66
C	488	13.189593	12.719598	98
C	489	26.177095	25.749423	71
C	490	15.701138	7.419917	95
C	491	7.579495	11.347566	59
C	492	6.895747	4.697127	100
C	493	27.242388	4.922217	3
C	494	4.259874	10.422730	49
C	495	9.066872	20.688407	44
C	496	3.797184	10.317852	6
C	497	28.049874	9.889504	32
C	498	27.410933	21.760247	2
C	499	28.895246	24.385287	33
C	500	11.201112	17.948509	1
C	501	2.701169	18.954258	39
C	502	28.774380	5.776916	47
C	503	26.429256	11.963972	97
C	504	18.496514	22.606351	52
C	505	7.713396	4.197651	6
C	506	0.026268	15.292890	41
C	507	15.545217	6.922014	58
C	508	19.990018	12.787605	20
C	509	11.844231	24.249892	33
C	510	23.210335	20.911104	7
C	511	14.938300	27.007519	90
C	512	1.228955	12.988173	10
C	513	6.897023	28.639889	94
C	514	4.748420	5.792269	73
C	515	23.025176	15.949532	85
C	516	23.740779	25.726345	49
C	517	4.903790	22.515158	77
C	518	1.503261	1.333046	50
C	519	4.479130	19.999775	98
C	520	23.939396	12.192526	47
C	521	24.197426	23.965664	96
C	522	27.485416	9.742644	56
C	523	0.887678	17.475434	46
C	524	22.530249	12.731910	98
C	525	11.725326	15.740584	56
C	526	3.643013	26.663626	89
C	527	12.748102	4.871969	3
C	528	9.651800	19.645125	87
C	529	3.511857	14.400220	91
C	530	25.437394	26.537033	87
C	531	0.349751	19.178173	87
C	532	22.263378	5.253542	29
C	533	11.693331	23.766639	34
C	534	6.586588	16.172462	36
C	535	13.766414	0.525984	32
C	536	28.364988	7.963840	91
C	537	24.491648	25.850404	28
C	538	17.706484	25.379326	89
C	539	13.325838	10.236732	62
C	540	8.111236	25.051165	60
C	541	25.977316	11.754249	95
C	542	21.714791	8.725418	51
C	543	16.626218	1.366590	21
C	544	28.370543	20.138075	40
C	545	15.766810	23.807937	23
C	546	16.675108	16.116561	5
C	547	12.986110	8.938486	40
C	548	21.370103	24.679441	52
C	549	2.705124	27.956691	6
C	550	10.851903	16.471538	37
C	551	28.482675	9.216891	98
C	552	24.435378	22.974322	1
C	553	5.067295	12.141862	92
C	554	18.353648	18.393133	44
C	555	22.378594	26.464884	50
C	556	13.444298	18.355910	99
C	557	8.219133	5.159089	84
C	558	27.081327	24.845351	4
C	559	6.525679	25.451870	38
C	560	14.983426	22.292489	74
C	561	19.259807	1.658534	91
C	562	8.409051	2.245917	24
C	563	10.597020	29.779154	54
C	564	26.925359	13.302144	76
C	565	27.735844	7.777262	11
C	566	29.773682	26.218519	85
C	567	16.994153	24.209060	18
C	568	19.192841	22.061447	38
C	569	6.350922	7.546490	25
C	570	10.454580	28.729516	79
C	571	4.011374	23.898878	50
C	572	17.085425	12.230507	71
C	573	29.057967	14.166753	81
C	574	7.075857	5.583646	22
C	575	9.618623	22.059283	10
C	576	27.876136	28.878431	55
C	577	23.717817	6.285186	79
C	578	1.124348	4.314837	49
C	579	6.064340	28.049707	6
C	580	17.616981	3.800184	84
C	581	5.826969	17.390663	37
C	582	0.018703	22.821121	4
C	583	11.599724	19.211545	37
C	584	14.882569	17.950646	80
C	585	26.758034	25.337149	99
C	586	16.680162	0.769408	38
C	587	19.236028	3.765587	79
C	588	12.999915	18.293995	82
C	589	17.932340	20.075772	42
C	590	23.877641	27.550963	16
C	591	12.135055	21.753777	8
C	592	26.429394	5.852872	84
C	593	28.038963	27.553742	91
C	594	10.167709	4.103303	61
C	595	25.603448	27.784690	11
C	596	7.903488	1.430417	54
C	597	15.175354	7.922191	98
C	598	24.251539	26.775077	28
C	599	27.133736	9.134107	91
C	600	14.725723	23.891770	22
C	601	4.471257	1.405885	58
C	602	24.661178	23.707284	92
C	603	5.171472	7.661093	93
C	604	12.001279	23.103812	38
C	605	27.736865	5.878920	14
C	606	20.654775	9.871920	54
C	607	27.632697	17.084168	92
C	608	15.724793	25.671660	92
C	609	14.637910	25.892502	55
C	610	29.774964	10.241358	98
C	611	23.677192	7.678451	27
C	612	11.671775	8.852546	91
C	613	15.600642	5.923314	53
C	614	5.627623	12.734378	63
C	615	15.057422	20.353346	71
C	616	6.626149	19.528678	51
C	617	21.759231	1.287327	1
C	618	13.235962	26.930702	49
C	619	8.948420	25.237242	32
C	620	20.034514	6.685285	94
C	621	1.116162	10.689288	16
C	622	16.557205	28.748859	39
C	623	27.773457	2.281998	29
C	624	24.420520	12.411366	6
C	625	28.174499	24.195483	52
C	626	22.652725	21.851691	39
C	627	1.873935	4.324500	59
C	628	0.704237	17.474577	49
C	629	10.247814	6.331860	18
C	630	0.208955	25.305236	2
C	631	26.685206	6.835104	22
C	632	14.833914	18.444437	27
C	633	8.122431	28.069876	93
C	634	15.375139	17.070851	66
C	635	23.307118	5.409653	64
C	636	23.756136	24.423280	58
C	637	16.098941	10.313341	20
C	638	23.172139	13.872398	55
C	639	12.595339	17.592658	1
C	640	26.283764	10.769839	74
C	641	11.788142	18.936489	4
C	642	2.621530	13.662076	28
C	643	23.260989	3.325767	16
C	644	1.136653	3.508803	56
C	645	9.657627	1.345609	42
C	646	28.814039	6.342833	86
C	647	8.180713	13.647952	6
C	648	24.787269	16.303144	94
C	649	11.717828	10.162408	86
C	650	3.373994	5.024946	90
C	651	15.572061	27.130130	87
C	652	29.448226	1.671003	1
C	653	7.443472	22.620364	28
C	654	15.543401	20.038811	67
C	655	10.213023	11.827165	7
C	656	0.808649	22.001165	79
C	657	0.763654	3.430179	5
C	658	5.663241	24.024643	17
C	659	6.755946	6.799894	79
C	660	27.533446	16.413573	74
C	661	8.145503	26.347484	18
C	662	22.756406	16.326216	1
C	663	9.995436	17.543675	100
C	664	2.629359	21.713265	63
C	665	27.706083	6.003354	66
C	666	26.738211	13.278145	15
C	667	3.133484	26.186437	20
C	668	14.949147	10.576956	37
C	669	18.806801	0.492548	22
C	670	0.615767	29.019824	73
C	671	12.319713	1.424416	62
C	672	21.020988	13.083367	25
C	673	4.854595	26.684229	100
C	674	7.108010	11.610541	78
C	675	3.484124	4.641455	33
C	676	28.024114	11.629627	93
C	677	0.988939	20.780520	15
C	678	27.955843	10.984376	38
C	679	8.324195	0.585202	87
C	680	2.697641	6.030278	1
C	681	6.588556	29.435852	79
C	682	19.308423	9.722041	25
C	683	25.622288	4.257570	1
C	684	20.298996	14.429089	7
C	685	4.750118	20.914763	92
C	686	13.448913	17.069831	59
C	687	22.339179	4.469901	37
C	688	0.153197	27.193774	48
C	689	1.154130	7.261207	28
C	690	8.804316	4.638254	68
C	691	11.902662	6.828430	22
C	692	16.267881	12.891602	45
C	693	27.608950	14.223724	68
C	694	23.875977	5.933144	73
C	695	14.808927	26.573618	59
C	696	11.963423	21.397483	85
C	697	26.009470	1.271845	88
C	698	1.119523	21.631758	31
C	699	5.529415	21.418520	74
C	700	6.060847	10.279533	9
C	701	12.333283	19.509760	3
C	702	27.349364	4.672462	35
C	703	23.979661	27.502561	85
C	704	1.866236	25.133791	54
C	705	4.763768	10.670552	64
C	706	29.772046	16.666431	17
C	707	17.498982	16.039927	46
C	708	29.558032	15.107931	31
C	709	0.263651	23.434009	7
C	710	21.041076	15.072578	32
C	711	20.007627	3.004498	31
C	712	6.470061	16.017097	85
C	713	4.276344	7.589584	57
C	714	7.648855	9.805759	83
C	715	29.008104	13.709702	43
C	716	20.085292	11.341387	100
C	717	3.219461	17.434656	94
C	718	16.013849	27.199122	32
C	719	14.937217	17.880085	47
C	720	22.332914	19.700986	21
C	721	28.550637	22.104960	99
C	722	6.367416	16.049618	68
C	723	8.144887	5.925448	17
C	724	1.157550	8.408538	66
C	725	29.359458	22.198625	93
C	726	23.481116	19.367085	76
C	727	25.203123	29.951176	2
C	728	5.384182	29.479467	80
C	729	7.540760	13.033037	58
C	730	9.285226	6.548864	75
C	731	26.742738	29.370518	40
C	732	17.890251	29.962200	60
C	733	16.805174	3.904099	62
C	734	27.161322	1.742391	24
C	735	21.784184	19.494236	13
C	736	21.443376	20.334821	77
C	737	11.599196	27.810793	93
C	738	6.384439	19.744083	10
C	739	3.736241	7.541989	7
C	740	28.152621	3.095699	99
C	741	29.740614	21.633736	94
C	742	22.462784	24.943737	37
C	743	21.584913	27.846965	35
C	744	24.423204	29.125673	50
C	745	10.880002	3.708429	72
C	746	5.674537	7.622740	78
C	747	3.078947	23.564787	1
C	748	7.584940	19.884121	65
C	749	27.468886	4.746262	9
C	750	21.626511	19.253070	47
C	751	24.240498	13.069888	37
C	752	9.587891	5.839694	7
C	753	10.880680	15.972330	67
C	754	25.583777	14.616921	53
C	755	23.514319	23.736397	24
C	756	17.712620	23.254933	59
C	757	15.370133	10.175403	80
C	758	18.198670	6.955046	25
C	759	8.022369	12.621873	90
C	760	6.080719	18.902371	37
C	761	16.330303	11.755255	52
C	762	26.525111	19.409250	81
C	763	5.320043	4.110051	48
C	764	9.293371	2.788929	13
C	765	8.856313	0.919882	4
C	766	22.041999	3.096811	12
C	767	13.989770	1.629891	89
C	768	8.936505	24.870450	48
C	769	17.602221	4.520282	22
C	770	9.487372	11.116540	48
C	771	28.256679	27.199991	98
C	772	4.371472	13.626813	15
C	773	7.375395	22.570142	36
C	774	20.581859	15.397764	33
C	775	5.192015	26.662577	16
C	776	4.300135	21.522318	7
C	777	8.417833	0.825246	62
C	778	10.931568	13.737876	16
C	779	4.935297	20.224939	23
C	780	16.526805	13.791610	70
C	781	21.144821	8.568804	62
C	782	16.888421	5.134590	11
C	783	10.198694	25.824927	28
C	784	0.005041	27.800915	80
C	785	0.345209	9.492412	16
C	786	8.917455	28.601888	3
C	787	6.692404	13.288927	38
C	788	12.228701	14.067799	95
C	789	5.859069	2.810559	27
C	790	29.465562	11.051084	79
C	791	29.473137	3.765697	84
C	792	2.573402	7.890969	30
C	793	4.590943	13.504970	59
C	794	21.628845	9.526240	31
C	795	3.729909	8.155649	42
C	796	23.317850	24.874730	15
C	797	16.724453	10.206271	43
C	798	0.009320	26.923148	83
C	799	6.031198	0.014361	62
C	800	24.724063	6.376407	16
C	801	9.506773	3.641518	82
C	802	4.978295	16.199176	60
C	803	16.930445	17.206995	30
C	804	0.266975	22.789514	17
C	805	20.017555	29.732537	44
C	806	3.840598	19.490691	97
C	807	3.498234	6.414000	76
C	808	27.381661	8.089177	5
C	809	19.918970	19.010506	64
C	810	17.615417	23.648879	98
C	811	27.166155	10.933267	26
C	812	18.523609	13.890609	25
C	813	21.139538	18.532929	9
C	814	10.813756	27.170736	53
C	815	18.547290	5.537819	5
C	816	3.547143	28.054062	76
C	817	9.179337	8.525437	55
C	818	14.253239	26.109782	94
C	819	25.732433	14.520213	70
C	820	18.899296	15.749987	33
C	821	14.252751	22.739894	25
C	822	5.240678	17.750985	5
C	823	29.153894	2.622339	63
C	824	25.840163	19.072864	83
C	825	21.632845	13.455580	88
C	826	12.721744	18.799000	56
C	827	24.388847	1.245353	49
C	828	2.689608	15.528385	82
C	829	19.778282	13.503364	90
C	830	12.699121	8.325571	63
C	831	19.041184	16.246264	97
C	832	6.379634	28.220521	71
C	833	24.771701	20.632872	74
C	834	24.330303	20.504134	78
C	835	5.153086	13.229599	40
C	836	6.254121	19.405836	17
C	837	5.969492	11.494799	74
C	838	7.156821	5.123386	15
C	839	14.117138	2.996984	73
C	840	24.196251	5.749982	37
C	841	16.452564	6.917994	12
C	842	24.548982	10.841411	98
C	843	8.163347	27.238590	13
C	844	26.369796	27.941629	72
C	845	10.741955	9.068917	50
C	846	6.267200	29.783139	69
C	847	25.315181	12.646834	47
C	848	28.003659	20.086882	56
C	849	3.279706	22.333962	15
C	850	10.591016	8.432791	69
C	851	5.563561	16.845137	40
C	852	27.838627	11.533053	39
C	853	28.339935	4.995449	25
C	854	16.656440	12.457073	2
C	855	7.992433	10.852690	73
C	856	18.207056	24.444996	12
C	857	17.770684	12.756038	10
C	858	5.286407	25.934032	22
C	859	9.994628	1.656203	93
C	860	23.875660	20.736583	99
C	861	10.725120	0.142860	36
C	862	20.519721	6.040301	41
C	863	12.789694	18.523381	22
C	864	26.127184	16.069399	9
C	865	10.857343	6.718199	18
C	866	24.502191	16.420904	61
C	867	23.563336	22.340818	77
C	868	27.953957	21.903272	91
C	869	27.336267	14.610397	75
C	870	4.360345	5.328700	49
C	871	25.463087	22.567401	79
C	872	29.773696	13.233771	38
C	873	5.323438	5.060103	46
C	874	9.167803	15.318067	92
C	875	6.716306	3.043463	62
C	876	6.054649	17.441426	47
C	877	3.186323	26.574371	12
C	878	23.481728	15.976017	60
C	879	15.097751	19.608911	2
C	880	2.045417	25.955094	26
C	881	26.327111	26.547608	80
C	882	12.375998	19.890447	93
C	883	18.888426	10.329955	64
C	884	11.793718	16.224693	5
C	885	24.940352	16.154063	95
C	886	21.553392	20.403439	89
C	887	8.721464	21.327088	68
C	888	3.637211	14.044902	4
C	889	26.387191	12.805014	62
C	890	29.362969	3.103497	61
C	891	15.848477	5.417618	54
C	892	20.544924	19.034800	97
C	893	1.991989	14.026651	53
C	894	5.010818	17.089740	27
C	895	3.635562	7.056235	5
C	896	13.044834	29.962673	71
C	897	3.603842	25.420832	87
C	898	19.853120	22.492268	33
C	899	5.750788	1.646838	13
C	900	8.716960	0.691140	61
C	901	17.800901	0.270353	81
C	902	21.094579	26.522365	92
C	903	21.597441	24.731790	51
C	904	10.567267	17.984633	78
C	905	7.536804	9.930236	35
C	906	21.088130	23.385281	12
C	907	15.347854	11.633054	24
C	908	12.420081	17.339842	46
C	909	25.659705	17.430899	71
C	910	4.429582	29.295267	77
C	911	24.487134	17.474416	72
C	912	29.257940	28.090976	51
C	913	12.895249	19.111060	69
C	914	20.583243	18.646036	87
C	915	20.757898	29.300204	7
C	916	19.337177	8.558800	15
C	917	29.570557	10.431756	75
C	918	5.081165	21.167998	74
C	919	5.163546	15.648432	70
C	920	9.152630	12.700350	36
C	921	25.578667	0.240760	86
C	922	6.085631	10.926521	24
C	923	11.873814	18.505712	32
C	924	28.266363	7.533519	39
C	925	5.936611	2.695945	50
C	926	6.828786	0.423745	88
C	927	20.170362	6.086726	61
C	928	28.514720	3.065610	89
C	929	25.197787	19.097964	72
C	930	21.711647	15.955685	73
C	931	18.398167	11.048823	1
C	932	24.514485	17.968724	52
C	933	21.480579	29.595649	64
C	934	9.136722	26.644125	51
C	935	15.244081	18.289352	81
C	936	9.344475	10.822748	98
C	937	18.530112	15.430106	14
C	938	21.749269	0.403926	4
C	939	3.935818	20.015633	44
C	940	7.937445	9.872429	85
C	941	22.711578	14.766231	32
C	942	10.296174	12.881940	67
C	943	20.852957	8.810895	87
C	944	15.947550	16.050744	53
C	945	27.908858	7.659196	53
C	946	2.006429	16.307026	45
C	947	18.708020	26.520913	67
C	948	4.275749	10.188599	80
C	949	26.116563	13.412471	18
C	950	6.832724	11.360644	37
C	951	1.701823	16.177199	67
C	952	22.183392	20.231935	56
C	953	1.607305	13.932661	12
C	954	20.635861	5.543123	51
C	955	3.948294	28.573305	46
C	956	15.415553	26.659872	13
C	957	13.339536	25.711727	38
C	958	9.541812	4.192493	6
C	959	4.522622	25.489362	53
C	960	20.243236	2.431480	62
C	961	3.148558	22.249665	78
C	962	18.738505	21.856578	54
C	963	18.770578	23.014255	65
C	964	2.045177	14.887141	42
C	965	6.426726	8.877900	56
C	966	26.247785	8.128548	46
C	967	25.055100	18.431177	91
C	968	28.360483	26.662405	70
C	969	2.363838	18.996344	1
C	970	2.205528	6.312133	86
C	971	17.569649	17.621081	54
C	972	2.972005	0.909184	33
C	973	13.332808	12.513817	4
C	974	5.101677	17.855430	92
C	975	8.003178	25.344913	37
C	976	20.286909	11.151737	9
C	977	17.594578	9.025415	36
C	978	3.008314	6.365156	3
C	979	2.039670	5.053491	88
C	980	21.252297	8.466395	5
C	981	13.931392	17.500082	91
C	982	16.594944	8.986491	54
C	983	5.931259	14.955427	60
C	984	5.648896	8.295097	54
C	985	3.951770	7.854424	4
C	986	14.607230	21.521419	5
C	987	25.475505	17.579235	19
C	988	22.430604	8.808313	94
C	989	0.093051	27.532281	10
C	990	26.663742	8.096230	71
C	991	22.877194	16.950652	55
C	992	19.247966	10.471772	40
C	993	25.976066	22.256281	76
C	994	16.836928	28.015736	71
C	995	27.309772	8.089225	33
C	996	6.482131	11.241163	32
C	997	25.589307	23.077075	16
C	998	20.227654	1.520566	23
C	999	8.032502	25.876550	1
