100	1000	
F	0	8.242368	1.394033	1
F	1	29.782657	2.400913	1
F	2	4.430664	2.389340	1
F	3	8.416994	13.453662	1
F	4	14.947435	26.820056	1
F	5	0.470239	8.239506	1
F	6	29.142562	6.638344	1
F	7	12.494853	7.684110	1
F	8	10.902579	8.155413	1
F	9	12.479003	7.687288	1
F	10	9.085514	13.838089	1
F	11	13.535009	8.561728	1
F	12	2.290597	24.652245	1
F	13	28.957162	11.752251	1
F	14	11.208673	29.091043	1
F	15	14.321059	19.451041	1
F	16	0.485076	14.103716	1
F	17	21.851954	4.915740	1
F	18	16.493056	0.268948	1
F	19	18.369402	1.440491	1
F	20	27.089004	18.839641	1
F	21	9.679998	26.231566	1
F	22	25.477985	22.174850	1
F	23	3.915676	6.380565	1
F	24	0.330264	16.394679	1
F	25	14.067852	9.415778	1
F	26	0.232769	27.602861	1
F	27	17.977506	2.523366	1
F	28	22.255107	16.934668	1
F	29	14.275616	3.463779	1
F	30	16.025711	28.596676	1
F	31	22.914820	16.510786	1
F	32	12.700391	14.766774	1
F	33	21.426526	29.193448	1
F	34	15.035722	9.795928	1
F	35	0.633939	12.124727	1
F	36	28.635569	10.313936	1
F	37	8.356293	24.113555	1
F	38	2.488787	12.271970	1
F	39	0.494119	2.819050	1
F	40	28.666649	14.561972	1
F	41	12.234828	28.899418	1
F	42	12.164833	0.212334	1
F	43	1.422783	4.419939	1
F	44	17.147001	15.698400	1
F	45	7.883719	3.172712	1
F	46	14.295075	0.798539	1
F	47	19.683498	26.995467	1
F	48	15.565313	11.110024	1
F	49	26.188914	0.601036	1
F	50	20.905952	26.822853	1
F	51	12.725762	19.541522	1
F	52	7.136789	21.082055	1
F	53	13.655076	9.625575	1
F	54	3.354025	14.149196	1
F	55	12.444626	2.020674	1
F	56	28.711167	24.679454	1
F	57	0.920092	10.876000	1
F	58	24.891787	2.342875	1
F	59	15.295939	12.038788	1
F	60	18.041274	23.179658	1
F	61	15.211500	2.336350	1
F	62	23.978197	4.894998	1
F	63	29.331816	9.543510	1
F	64	16.005023	25.520731	1
F	65	10.144546	6.910975	1
F	66	22.343583	22.870308	1
F	67	26.452497	29.480372	1
F	68	13.952364	10.107573	1
F	69	9.105948	17.306389	1
F	70	24.256769	21.550573	1
F	71	19.327063	22.967936	1
F	72	16.230027	20.247154	1
F	73	3.843936	11.121814	1
F	74	22.590029	19.139875	1
F	75	23.160602	10.631303	1
F	76	12.319533	8.372103	1
F	77	12.967653	6.297731	1
F	78	13.267101	12.299469	1
F	79	15.841241	29.272123	1
F	80	7.820200	25.985787	1
F	81	6.183099	0.163783	1
F	82	18.856095	2.635595	1
F	83	29.644156	2.808459	1
F	84	12.743168	8.750103	1
F	85	20.114848	6.999937	1
F	86	0.300676	9.441910	1
F	87	29.967873	16.530703	1
F	88	29.689065	3.811809	1
F	89	27.652517	22.279094	1
F	90	22.951684	20.813119	1
F	91	2.910397	5.271217	1
F	92	29.185222	15.878050	1
F	93	11.568947	12.452323	1
F	94	28.177520	27.410188	1
F	95	11.724446	5.997720	1
F	96	23.395975	17.907545	1
F	97	6.161503	12.252070	1
F	98	20.543140	5.805658	1
F	99	15.060529	3.286309	1
C	0	14.555762	5.175377	85
C	1	10.286246	14.856438	43
C	2	14.617287	10.254119	28
C	3	1.387141	14.306352	69
C	4	14.065927	29.039658	85
C	5	6.585446	7.017611	35
C	6	19.852778	9.495843	36
C	7	12.288828	19.038000	96
C	8	25.373893	23.857775	7
C	9	1.490322	23.551413	64
C	10	21.267964	13.214769	54
C	11	29.549133	14.663939	70
C	12	1.122314	5.710636	6
C	13	26.916009	21.665454	32
C	14	11.516294	11.976538	94
C	15	24.951762	26.072056	46
C	16	17.151915	5.238008	97
C	17	10.928493	1.769203	38
C	18	15.492127	12.315634	87
C	19	16.075555	29.558054	24
C	20	11.355292	22.661001	31
C	21	6.575665	1.208070	68
C	22	2.156844	18.864492	63
C	23	20.246070	27.530737	1
C	24	12.722268	21.736392	83
C	25	21.082150	3.990231	8
C	26	4.951161	20.631283	2
C	27	18.654170	6.073474	50
C	28	26.341918	15.570179	27
C	29	27.738928	7.858212	74
C	30	27.546717	22.690690	65
C	31	3.930268	14.698633	12
C	32	27.928698	14.858761	16
C	33	16.467835	13.420825	44
C	34	27.174395	2.543390	32
C	35	12.978879	8.529688	52
C	36	25.204391	19.554544	78
C	37	9.737758	27.361234	67
C	38	8.419036	29.983827	100
C	39	24.891971	21.141304	36
C	40	21.720219	15.974121	31
C	41	25.131535	26.671380	53
C	42	6.605404	13.785705	57
C	43	2.744854	2.947322	88
C	44	29.355884	0.483782	37
C	45	10.805534	26.902602	51
C	46	23.174472	14.735802	85
C	47	11.601235	21.103171	85
C	48	29.594563	28.069070	88
C	49	4.523996	26.768959	71
C	50	0.612460	17.502875	8
C	51	5.298646	25.816851	70
C	52	7.057419	15.036404	90
C	53	23.178085	15.476455	70
C	54	15.020231	18.070057	70
C	55	6.617759	6.740451	72
C	56	4.044178	1.749294	30
C	57	3.411830	10.649582	71
C	58	15.534999	6.156684	22
C	59	13.596904	14.890884	56
C	60	6.640466	24.402438	96
C	61	11.793486	29.814939	38
C	62	9.138240	23.394720	19
C	63	20.918109	8.732804	11
C	64	21.463790	25.442105	81
C	65	5.501762	22.076250	50
C	66	12.944980	10.800409	14
C	67	17.893101	20.002399	59
C	68	25.836813	11.071186	69
C	69	5.478854	10.857044	13
C	70	29.141243	12.096613	46
C	71	17.597495	3.185421	51
C	72	13.845907	21.009325	18
C	73	13.835002	29.380906	3
C	74	27.166010	27.431906	90
C	75	14.271790	3.806476	54
C	76	21.834345	26.065276	53
C	77	3.621415	0.972585	74
C	78	19.459996	24.539524	38
C	79	9.705389	10.923786	92
C	80	19.981629	15.207151	45
C	81	3.000036	2.926609	97
C	82	26.007560	20.893137	61
C	83	22.929008	21.844373	34
C	84	1.964323	28.407862	67
C	85	2.701417	1.105565	30
C	86	10.504475	20.298912	58
C	87	4.290986	24.350382	96
C	88	11.308237	18.125989	52
C	89	23.731288	8.474247	79
C	90	15.557895	8.003078	3
C	91	12.280723	7.392240	99
C	92	4.068354	15.902138	68
C	93	8.364825	23.528350	74
C	94	10.441662	18.070214	9
C	95	4.452135	0.423291	48
C	96	3.277365	7.452171	23
C	97	3.349901	29.284925	74
C	98	28.345308	26.278909	58
C	99	21.129297	0.309631	43
C	100	24.686771	23.830714	39
C	101	1.415196	5.191245	4
C	102	14.129626	5.706182	93
C	103	29.541627	25.437864	56
C	104	23.832171	23.272915	58
C	105	3.912111	9.390066	82
C	106	1.275993	16.192834	61
C	107	16.782306	5.344347	10
C	108	2.094972	25.147131	56
C	109	28.872697	12.536634	98
C	110	13.217345	3.324832	53
C	111	12.959926	16.494710	52
C	112	10.777003	16.309826	94
C	113	15.779635	9.122311	65
C	114	12.588735	6.908932	37
C	115	9.431942	7.275506	12
C	116	0.739647	10.847138	46
C	117	12.466751	14.869273	94
C	118	16.553321	12.008378	59
C	119	10.307136	10.385492	49
C	120	5.281293	14.219247	24
C	121	19.775557	6.557287	62
C	122	0.412081	6.557863	47
C	123	11.901634	2.507053	91
C	124	1.704994	10.774330	35
C	125	15.043688	14.922339	7
C	126	14.099162	28.003614	91
C	127	1.417049	24.876165	9
C	128	14.313440	17.196684	80
C	129	3.998476	26.902175	48
C	130	24.105616	13.430418	4
C	131	4.177680	24.845263	70
C	132	24.277556	16.644431	51
C	133	9.714535	10.830877	96
C	134	28.652810	20.021672	25
C	135	21.216369	3.934103	8
C	136	4.240918	10.991926	30
C	137	10.491389	4.653000	85
C	138	17.549789	22.393023	69
C	139	7.160053	19.254783	37
C	140	3.167353	22.203741	34
C	141	4.177122	17.266515	73
C	142	20.207355	5.594171	88
C	143	12.142680	4.520794	28
C	144	22.790855	16.141157	89
C	145	1.422969	16.896471	76
C	146	29.571575	5.600650	91
C	147	11.741734	23.849131	34
C	148	22.245081	21.456269	70
C	149	4.680008	20.897891	50
C	150	11.477941	25.896377	82
C	151	24.831993	15.718859	45
C	152	6.888303	5.323383	63
C	153	20.371859	24.438092	80
C	154	27.716406	27.531912	88
C	155	13.692875	0.883759	97
C	156	19.735653	17.869998	86
C	157	18.150274	9.943007	78
C	158	23.464169	0.292954	57
C	159	14.463801	16.255024	18
C	160	16.434111	15.886771	25
C	161	3.151496	16.005685	60
C	162	21.487420	14.893229	87
C	163	9.854816	13.732502	28
C	164	6.349498	14.534824	8
C	165	4.630392	17.827439	12
C	166	10.431201	29.462385	87
C	167	3.546298	17.319504	37
C	168	4.785768	23.918156	48
C	169	11.757596	2.502174	8
C	170	21.450068	25.450471	25
C	171	3.385932	11.185721	82
C	172	13.320469	21.536206	32
C	173	21.128728	6.784638	64
C	174	21.829160	5.592529	61
C	175	23.039662	8.263271	21
C	176	21.479300	26.191158	39
C	177	24.268956	12.966720	51
C	178	11.084387	4.123773	54
C	179	26.699222	17.433885	60
C	180	18.658597	1.329614	52
C	181	5.261324	29.089798	88
C	182	0.791999	8.807622	5
C	183	16.409301	5.577768	14
C	184	2.725778	28.166897	67
C	185	8.079941	24.175847	92
C	186	23.617368	11.465874	62
C	187	5.361567	6.937836	53
C	188	3.002080	26.490295	21
C	189	13.722474	24.831240	71
C	190	2.082824	6.762136	70
C	191	3.094511	23.562124	45
C	192	2.953294	27.363467	82
C	193	6.528844	14.037681	8
C	194	1.487240	3.228066	24
C	195	1.471566	20.145837	89
C	196	4.557680	6.732890	19
C	197	19.235635	5.349680	11
C	198	15.540513	5.644936	77
C	199	10.927447	18.266291	19
C	200	3.811832	19.007388	18
C	201	12.442138	27.429200	1
C	202	0.473262	17.803705	52
C	203	4.367036	3.475342	49
C	204	14.294000	18.089510	16
C	205	28.306582	16.376824	12
C	206	24.851647	1.401093	21
C	207	9.938948	27.804941	55
C	208	28.764561	16.467793	14
C	209	11.842622	0.251801	75
C	210	19.695859	13.314188	14
C	211	20.397638	24.253539	18
C	212	20.047079	9.633272	14
C	213	29.603219	5.587591	70
C	214	15.278208	10.530666	31
C	215	23.853882	19.090041	80
C	216	29.538054	6.296020	13
C	217	16.519241	0.011316	45
C	218	24.099725	20.886277	84
C	219	3.486658	8.393725	33
C	220	8.975787	1.793240	15
C	221	24.770549	3.827434	5
C	222	3.194334	4.709497	78
C	223	1.632375	1.958894	96
C	224	21.177290	13.474997	13
C	225	2.210695	10.873149	1
C	226	26.789185	22.608333	37
C	227	5.126688	16.836263	83
C	228	2.241605	4.729906	63
C	229	22.423854	17.519813	65
C	230	15.260572	16.277737	1
C	231	6.609853	14.798627	32
C	232	22.573756	23.129094	18
C	233	14.809943	16.673481	52
C	234	14.015371	18.296601	81
C	235	25.067206	22.991158	33
C	236	20.089842	19.837754	15
C	237	26.818593	23.284175	53
C	238	24.547252	28.450968	87
C	239	25.243069	15.724541	81
C	240	11.925964	27.453764	27
C	241	26.597690	8.715149	53
C	242	20.062097	1.724378	98
C	243	25.551412	22.303702	92
C	244	6.454284	17.975267	22
C	245	9.823515	21.714856	80
C	246	4.253003	16.433368	72
C	247	6.513483	26.826759	35
C	248	9.562462	21.323426	24
C	249	13.500240	23.577834	7
C	250	9.620027	8.567446	67
C	251	16.568992	29.709868	90
C	252	28.405200	13.387585	64
C	253	22.994043	22.952452	96
C	254	11.838552	18.237113	38
C	255	8.676993	23.764516	28
C	256	15.690877	5.274683	49
C	257	2.479665	5.752974	74
C	258	6.999061	28.031077	10
C	259	28.056676	13.453345	11
C	260	16.006344	7.880191	90
C	261	5.168201	20.259347	63
C	262	24.313559	11.681683	95
C	263	17.086107	3.876022	7
C	264	3.005109	0.586347	66
C	265	27.453855	12.625136	27
C	266	9.153793	14.022847	40
C	267	12.335004	7.558993	33
C	268	27.410432	5.329047	79
C	269	0.511445	9.248984	26
C	270	23.566160	9.188438	13
C	271	3.013500	9.257037	6
C	272	14.463122	5.493166	30
C	273	15.010011	21.462182	10
C	274	3.524243	13.066687	97
C	275	4.915527	19.530587	52
C	276	20.946878	10.083728	41
C	277	9.789935	15.260437	20
C	278	21.765411	26.876041	38
C	279	19.136459	24.770520	65
C	280	27.462388	16.590314	79
C	281	7.395655	6.616181	56
C	282	0.613161	19.730659	6
C	283	14.175175	28.023593	42
C	284	25.059706	14.686620	4
C	285	7.272577	18.625866	43
C	286	23.875058	10.286078	21
C	287	27.882903	8.338180	52
C	288	15.779243	12.892914	68
C	289	29.800362	19.303487	30
C	290	25.959600	4.715889	14
C	291	8.834074	16.906478	58
C	292	14.799617	18.624008	44
C	293	2.166915	6.565028	8
C	294	15.500050	21.303373	64
C	295	1.335547	12.962438	62
C	296	7.893687	8.731203	86
C	297	19.578619	8.506848	55
C	298	28.461862	3.753794	94
C	299	6.530441	23.521568	65
C	300	18.440414	13.803018	33
C	301	12.147434	12.315472	58
C	302	24.089096	10.030336	70
C	303	20.653653	9.868340	62
C	304	22.923250	20.454015	19
C	305	29.171826	18.882850	18
C	306	25.169904	8.005900	65
C	307	5.789328	9.969521	59
C	308	26.629908	7.956242	90
C	309	16.534549	12.129958	2
C	310	29.259616	17.870096	75
C	311	25.092396	7.153303	20
C	312	26.601299	14.671015	10
C	313	15.660151	25.063160	81
C	314	18.424809	22.190592	61
C	315	18.584728	6.865223	13
C	316	5.993610	0.732161	75
C	317	19.180696	0.082706	33
C	318	10.762498	9.834348	16
C	319	9.951046	3.685747	43
C	320	0.288363	9.122872	14
C	321	22.568597	25.458267	81
C	322	17.128772	28.357925	52
C	323	5.427788	13.758681	58
C	324	6.314168	21.962337	41
C	325	25.888639	5.573783	15
C	326	9.832433	20.981035	71
C	327	12.727086	6.433732	26
C	328	5.652050	28.387237	22
C	329	1.496892	24.076860	64
C	330	20.577828	20.081620	90
C	331	0.942083	26.571439	54
C	332	20.813781	20.122779	73
C	333	26.654145	1.576279	11
C	334	29.957127	6.605191	15
C	335	5.262026	0.245491	91
C	336	15.728063	27.830624	29
C	337	25.703758	2.856835	80
C	338	26.188549	1.131546	49
C	339	16.615516	2.502716	70
C	340	23.093883	12.504154	33
C	341	8.076500	2.926317	76
C	342	3.485189	20.803586	89
C	343	9.360048	9.137239	42
C	344	19.190822	10.856941	56
C	345	3.214099	9.768650	1
C	346	0.938560	4.156182	6
C	347	6.340089	21.752342	30
C	348	24.278960	2.994234	33
C	349	23.328621	24.236088	21
C	350	9.599425	28.590647	24
C	351	24.481578	25.327488	46
C	352	26.421270	20.185336	2
C	353	28.184324	22.609819	75
C	354	21.316883	14.799840	55
C	355	25.112535	14.410766	94
C	356	27.303994	3.189035	42
C	357	17.337083	0.789183	25
C	358	23.992621	26.697131	19
C	359	9.926422	13.183443	63
C	360	7.554072	13.140521	40
C	361	22.952093	8.492632	9
C	362	17.296703	29.292182	68
C	363	0.244974	11.575663	12
C	364	2.286416	23.573594	71
C	365	5.811751	11.885841	34
C	366	22.164241	0.293329	2
C	367	7.213329	18.585511	99
C	368	20.478665	5.397653	65
C	369	11.195330	11.795548	3
C	370	20.197493	6.307865	20
C	371	26.206314	17.501487	98
C	372	9.496901	13.543396	78
C	373	18.290670	3.489521	8
C	374	10.240527	28.217092	91
C	375	16.672964	17.794599	85
C	376	11.357613	9.625057	60
C	377	26.287231	28.654316	97
C	378	8.917239	26.532204	66
C	379	10.229979	11.203654	44
C	380	20.105798	16.041729	69
C	381	23.089495	12.270039	90
C	382	16.335058	0.302825	90
C	383	0.855550	6.813723	22
C	384	5.700478	12.050880	16
C	385	18.609271	25.897970	96
C	386	18.358746	14.815584	15
C	387	13.399457	27.855646	9
C	388	28.358981	1.690127	21
C	389	1.345167	8.599508	86
C	390	29.907219	18.018131	23
C	391	26.394106	11.264832	60
C	392	27.643188	22.681337	46
C	393	9.919147	6.560426	90
C	394	19.213541	20.149126	72
C	395	17.764081	9.319339	16
C	396	6.190855	10.853576	24
C	397	21.589378	22.525913	25
C	398	11.156401	22.444929	67
C	399	29.339637	16.856879	88
C	400	4.495809	17.948908	79
C	401	12.754849	22.854555	86
C	402	2.764492	26.154306	37
C	403	20.710201	1.123473	8
C	404	27.844432	22.055369	46
C	405	9.722980	27.751651	28
C	406	10.073500	6.117086	92
C	407	9.016483	7.716688	5
C	408	28.798423	18.935630	76
C	409	14.277114	18.011964	10
C	410	9.084756	2.041195	49
C	411	27.331303	15.275611	96
C	412	12.894771	18.920682	51
C	413	7.801525	24.051172	90
C	414	11.365610	7.141161	18
C	415	10.908051	15.861419	18
C	416	25.090069	23.662899	85
C	417	8.715974	27.854561	84
C	418	19.817205	29.426175	27
C	419	28.978033	17.661637	57
C	420	21.481544	8.701014	69
C	421	15.413288	1.555044	49
C	422	14.818100	24.429771	69
C	423	9.271731	13.616523	14
C	424	13.365401	23.548845	39
C	425	1.628487	22.450157	92
C	426	25.590040	28.959791	30
C	427	7.725768	8.484811	62
C	428	17.880472	15.527292	16
C	429	2.535983	29.246083	96
C	430	22.668453	13.444034	1
C	431	15.107502	17.758522	47
C	432	7.106933	23.823476	33
C	433	15.613083	26.924138	38
C	434	23.249651	14.591117	54
C	435	14.585775	14.731195	78
C	436	23.292130	29.999063	17
C	437	16.286239	8.110230	98
C	438	24.428834	25.557970	35
C	439	21.726753	7.794234	92
C	440	19.106816	23.355241	7
C	441	0.244391	14.696856	35
C	442	22.315031	7.970158	87
C	443	23.181667	10.195504	9
C	444	23.497451	25.717650	76
C	445	9.441587	16.165904	56
C	446	9.161684	24.549089	26
C	447	3.924426	16.268617	12
C	448	18.372565	19.537510	40
C	449	13.192755	11.622216	52
C	450	4.128626	27.778530	69
C	451	26.353411	27.420757	8
C	452	27.777593	12.639650	1
C	453	5.530987	22.206427	37
C	454	8.197620	27.257740	74
C	455	0.000661	27.304435	91
C	456	20.612981	0.245052	28
C	457	12.001291	12.928013	55
C	458	8.215211	5.182958	4
C	459	23.123516	1.712661	95
C	460	0.900608	2.565103	50
C	461	17.878566	10.062292	4
C	462	27.114191	21.802992	41
C	463	26.330909	15.486756	34
C	464	11.340502	9.523665	93
C	465	27.108972	15.469128	95
C	466	7.302195	23.462383	12
C	467	12.889884	5.079788	9
C	468	6.102032	18.420871	92
C	469	27.286216	14.299652	98
C	470	15.678612	27.286877	52
C	471	11.604087	6.291593	50
C	472	27.531929	23.605378	32
C	473	19.219605	5.747140	39
C	474	28.788336	12.343122	58
C	475	7.459802	29.688944	7
C	476	14.908225	25.338367	94
C	477	9.751236	12.022416	35
C	478	17.141359	6.082146	18
C	479	27.509172	28.481861	85
C	480	15.605810	24.618144	39
C	481	13.950989	22.908005	38
C	482	18.080526	26.840873	45
C	483	27.987794	24.182559	91
C	484	15.261744	25.274009	74
C	485	8.482210	0.940356	18
C	486	22.560886	20.086297	81
C	487	7.231949	20.092816	53
C	488	13.691675	26.451554	72
C	489	25.839956	12.480011	36
C	490	8.794676	3.299757	48
C	491	12.168955	23.702900	73
C	492	28.638125	21.920191	39
C	493	5.725316	15.779484	88
C	494	28.002337	3.234489	58
C	495	14.261344	13.608147	84
C	496	27.852632	28.212333	82
C	497	6.516152	15.933159	69
C	498	25.053206	4.503946	92
C	499	10.115718	10.314950	25
C	500	29.777955	18.597928	66
C	501	11.255306	22.338842	44
C	502	8.684225	18.487255	26
C	503	12.431658	22.375900	49
C	504	14.938809	8.271614	34
C	505	4.855911	23.733485	35
C	506	11.571371	17.024866	7
C	507	17.436385	10.209496	79
C	508	8.945057	23.161701	70
C	509	25.988979	6.947394	77
C	510	26.396190	10.250324	64
C	511	20.555540	24.248822	8
C	512	8.462657	27.071693	14
C	513	10.181981	3.515863	8
C	514	1.575639	20.297699	98
C	515	13.830813	1.353594	88
C	516	8.895627	25.086119	77
C	517	23.692436	17.579852	30
C	518	13.573374	6.124094	92
C	519	9.955752	28.512183	100
C	520	14.395707	14.811664	65
C	521	22.245667	25.967078	39
C	522	1.836530	9.682052	24
C	523	6.176574	10.781587	55
C	524	2.843753	2.165554	27
C	525	17.728980	29.239943	81
C	526	12.415877	8.284521	38
C	527	23.488765	20.878534	60
C	528	5.356213	3.670746	2
C	529	24.394397	6.931852	30
C	530	23.968445	8.225210	37
C	531	8.285446	2.864071	19
C	532	3.311329	1.977882	25
C	533	20.443923	16.884703	62
C	534	8.101976	0.399676	68
C	535	15.396886	22.497683	58
C	536	15.211339	7.642553	49
C	537	18.464762	17.047869	26
C	538	17.324605	24.641336	36
C	539	27.829456	20.168359	18
C	540	26.806890	15.558436	2
C	541	19.408302	9.222767	51
C	542	23.842957	12.897067	77
C	543	0.101301	29.199170	16
C	544	16.567813	24.495698	58
C	545	6.131022	10.536258	26
C	546	2.720908	14.416469	55
C	547	13.400330	6.032237	86
C	548	16.394351	3.844253	7
C	549	22.916940	24.496327	46
C	550	4.243929	8.313825	85
C	551	16.994011	19.455268	71
C	552	15.956378	5.458772	85
C	553	6.503136	3.280983	60
C	554	0.100109	4.332592	77
C	555	23.449342	26.906998	63
C	556	19.891028	12.857644	41
C	557	6.129766	13.733985	15
C	558	25.754711	6.231067	74
C	559	12.933155	12.322524	42
C	560	0.726765	19.064177	96
C	561	22.858783	3.447673	10
C	562	3.480646	6.259112	60
C	563	9.479910	19.874997	20
C	564	10.103365	2.396850	24
C	565	14.371324	14.347294	79
C	566	10.710675	1.365334	29
C	567	3.802562	26.667053	72
C	568	6.824107	10.305698	5
C	569	29.948037	6.924215	16
C	570	14.638290	23.397379	89
C	571	3.831214	4.529318	58
C	572	6.255023	9.960979	67
C	573	18.263303	2.009733	17
C	574	16.192046	1.196457	73
C	575	14.332258	16.918811	76
C	576	20.260634	7.191040	94
C	577	20.366485	23.741280	79
C	578	13.450152	29.846395	62
C	579	13.616277	23.553518	100
C	580	2.243244	27.987600	77
C	581	7.900812	12.953919	98
C	582	29.352935	11.703374	70
C	583	9.620972	6.177041	13
C	584	22.009072	9.569009	58
C	585	13.101257	6.647362	46
C	586	2.966387	16.932470	75
C	587	11.176680	9.221410	98
C	588	26.893449	29.439983	12
C	589	11.231143	13.085495	48
C	590	0.636440	25.563401	91
C	591	0.004307	20.897074	59
C	592	2.754441	20.370792	10
C	593	14.638354	16.204593	2
C	594	20.217186	28.254631	78
C	595	9.758111	22.460431	33
C	596	26.242231	17.658923	33
C	597	5.414350	25.595166	58
C	598	29.362297	15.035322	4
C	599	1.772207	21.371369	89
C	600	24.604331	14.873464	74
C	601	28.018731	27.570718	44
C	602	1.805934	9.195411	46
C	603	6.792128	28.699383	92
C	604	8.635394	18.023271	60
C	605	11.784879	9.271834	71
C	606	13.586672	11.789186	67
C	607	0.168908	16.341113	53
C	608	2.159977	14.807263	49
C	609	2.545706	22.377164	80
C	610	13.061894	12.303817	52
C	611	14.837595	9.304125	77
C	612	29.962740	20.251944	78
C	613	4.899291	29.325037	73
C	614	5.287266	6.671499	89
C	615	20.696406	29.891597	35
C	616	21.544963	18.715137	70
C	617	27.462315	23.350897	63
C	618	27.910548	4.254443	84
C	619	22.050280	6.545942	34
C	620	22.277714	3.835159	63
C	621	15.817776	5.864385	74
C	622	15.624345	15.986684	92
C	623	22.205498	17.784322	72
C	624	0.793947	24.751204	27
C	625	10.161486	13.855840	22
C	626	7.055021	24.999081	4
C	627	23.159966	7.017761	59
C	628	15.251025	28.059257	79
C	629	6.342799	20.538291	59
C	630	4.730755	27.039205	47
C	631	20.429888	26.275718	4
C	632	15.754342	17.892203	2
C	633	19.626615	13.664891	93
C	634	22.146645	11.676895	95
C	635	20.210833	14.424359	13
C	636	15.512053	6.028609	15
C	637	20.288744	1.136398	62
C	638	22.015293	12.494242	65
C	639	18.920720	22.809240	15
C	640	7.245446	29.082206	41
C	641	6.665081	14.300467	68
C	642	24.081287	29.825046	92
C	643	21.318228	9.332312	70
C	644	27.884303	27.661027	92
C	645	29.870603	2.615058	80
C	646	24.700232	20.300491	56
C	647	28.890776	10.454574	13
C	648	8.192694	18.517391	95
C	649	24.119465	0.339339	39
C	650	0.194286	14.330298	46
C	651	14.763698	15.706339	57
C	652	20.358907	5.052442	64
C	653	16.842737	12.374200	90
C	654	17.546684	5.763457	80
C	655	5.183441	24.792130	91
C	656	4.845663	11.848521	11
C	657	9.092597	28.926950	35
C	658	11.673568	0.410825	1
C	659	8.259262	9.557871	41
C	660	28.071851	8.129864	93
C	661	12.172929	22.772083	48
C	662	28.430355	11.063706	45
C	663	3.226657	6.623049	94
C	664	29.581097	27.346122	92
C	665	6.962388	29.775382	91
C	666	11.676420	21.726086	58
C	667	15.481722	2.035326	6
C	668	26.778529	2.324459	4
C	669	14.409527	14.325213	74
C	670	8.087916	19.592967	20
C	671	9.117343	12.933580	45
C	672	1.441489	18.209940	93
C	673	11.860530	13.115056	11
C	674	18.620765	20.119791	66
C	675	22.672927	16.692616	84
C	676	28.249655	4.845857	43
C	677	9.464699	26.680010	22
C	678	15.909563	12.691357	48
C	679	3.303059	15.490659	37
C	680	10.037478	10.265447	60
C	681	15.266042	21.713898	46
C	682	1.991534	0.747763	93
C	683	23.749224	28.770063	76
C	684	3.072222	8.158751	35
C	685	13.095276	11.160138	24
C	686	27.751718	22.212619	66
C	687	24.093718	29.193207	97
C	688	10.422559	5.954247	58
C	689	12.308263	29.043324	66
C	690	26.074038	4.981190	37
C	691	15.735940	24.323694	2
C	692	9.827047	25.200639	65
C	693	21.003704	25.736610	33
C	694	7.891996	24.306763	47
C	695	11.227269	17.929474	8
C	696	4.572211	26.493311	24
C	697	9.643372	6.563745	4
C	698	27.241075	3.392596	65
C	699	5.333807	0.313297	27
C	700	11.551347	18.429083	77
C	701	11.473435	9.303065	85
C	702	10.641702	5.567153	23
C	703	8.496272	21.064261	69
C	704	11.521400	20.804535	47
C	705	20.107585	7.595438	41
C	706	25.785725	5.843525	4
C	707	1.919132	5.612773	89
C	708	1.044164	22.922836	62
C	709	1.349382	8.936160	51
C	710	17.229600	12.576652	25
C	711	26.865634	21.801811	73
C	712	9.069963	6.509006	96
C	713	28.365555	6.311037	69
C	714	9.901602	3.699362	48
C	715	6.624334	21.452950	82
C	716	22.128445	18.097769	92
C	717	0.756015	2.770147	65
C	718	23.664921	9.252286	30
C	719	23.834407	5.186321	1
C	720	0.056821	13.941992	83
C	721	12.781760	25.842547	19
C	722	19.785517	14.700892	2
C	723	1.455319	20.829681	99
C	724	7.623728	2.804702	51
C	725	29.765840	24.853328	48
C	726	15.381353	26.631475	7
C	727	16.655138	24.451316	26
C	728	3.140481	15.020694	51
C	729	0.762353	13.042083	71
C	730	18.720056	7.386687	5
C	731	4.495033	10.848501	27
C	732	25.484456	5.251048	7
C	733	13.618648	19.149377	79
C	734	14.503334	7.453055	95
C	735	24.335699	14.560155	54
C	736	21.395047	7.117459	19
C	737	10.402702	11.180564	50
C	738	21.818351	11.858022	94
C	739	2.010244	29.442079	80
C	740	14.662723	1.776084	1
C	741	24.295407	0.044077	71
C	742	28.407559	10.950545	5
C	743	24.495393	1.548040	48
C	744	25.971239	25.257746	39
C	745	14.590123	14.691295	52
C	746	2.644433	19.085156	82
C	747	25.539796	28.128889	83
C	748	24.336203	9.158443	69
C	749	17.278267	8.839537	11
C	750	16.611498	11.613965	83
C	751	23.399693	8.006545	51
C	752	18.731424	3.802395	81
C	753	19.187109	10.549775	85
C	754	15.660417	21.197353	1
C	755	9.991854	0.323140	32
C	756	22.973437	4.287261	84
C	757	0.367217	21.380997	7
C	758	15.237806	24.862610	9
C	759	22.929036	11.209045	35
C	760	20.120356	7.519159	78
C	761	25.900340	22.764789	13
C	762	26.604315	21.440136	13
C	763	20.893678	20.940519	84
C	764	0.598579	8.171945	44
C	765	29.780056	17.210078	60
C	766	19.785910	23.179749	89
C	767	25.216623	8.517335	62
C	768	26.982144	14.403732	9
C	769	19.067109	12.642561	35
C	770	5.601085	29.058963	94
C	771	12.965701	28.574522	9
C	772	3.346224	13.332917	5
C	773	19.955519	18.584031	98
C	774	8.195527	12.884555	9
C	775	29.793076	28.315883	43
C	776	20.403715	25.693416	1
C	777	21.080672	17.008030	90
C	778	17.133553	11.974350	77
C	779	7.948548	17.732132	69
C	780	20.146295	7.728604	52
C	781	4.942210	9.932205	60
C	782	0.908353	0.158833	71
C	783	18.449540	27.890497	33
C	784	14.562565	7.516649	96
C	785	10.533058	20.163650	72
C	786	6.575612	23.498758	16
C	787	18.738172	9.921837	79
C	788	6.831675	8.693691	30
C	789	28.505867	15.027202	76
C	790	21.578246	28.298943	65
C	791	13.343085	11.981961	59
C	792	23.992360	4.423757	41
C	793	28.989991	11.125912	78
C	794	16.398107	6.938539	43
C	795	28.858044	6.544402	84
C	796	14.667143	3.800254	37
C	797	16.476607	15.575496	83
C	798	3.959087	4.926146	45
C	799	13.465993	18.521651	45
C	800	12.442796	23.999051	17
C	801	8.685301	19.018408	90
C	802	17.497809	27.423473	6
C	803	28.940245	24.329485	21
C	804	6.117164	27.446112	87
C	805	9.356687	27.695411	66
C	806	25.745056	22.699772	16
C	807	9.677371	19.737415	40
C	808	27.123529	8.667362	7
C	809	0.863328	13.521636	92
C	810	15.605901	29.721372	60
C	811	20.066037	0.273044	10
C	812	3.521626	6.542644	3
C	813	15.848541	7.480713	83
C	814	11.468790	29.314534	42
C	815	26.002364	23.911586	98
C	816	23.313585	4.687665	6
C	817	12.929994	10.811395	9
C	818	2.111138	11.870239	29
C	819	5.140879	8.228302	35
C	820	9.316351	14.497566	85
C	821	5.923713	5.061407	93
C	822	7.197339	15.601084	94
C	823	24.798822	4.320868	77
C	824	24.268447	25.662150	70
C	825	17.842503	9.874347	88
C	826	25.383522	7.908540	60
C	827	10.147392	28.905148	58
C	828	14.451184	25.995932	22
C	829	6.385860	25.919975	56
C	830	25.310466	2.388224	55
C	831	19.831561	18.624052	39
C	832	7.075889	2.761555	46
C	833	29.435446	9.187028	12
C	834	14.631794	4.576326	11
C	835	17.415330	23.948145	84
C	836	19.073892	23.339043	77
C	837	29.009551	26.271231	78
C	838	8.940127	23.808373	75
C	839	0.592098	3.208574	83
C	840	19.470523	18.434601	22
C	841	13.082921	14.854045	35
C	842	26.343142	23.230313	92
C	843	13.759193	10.794326	24
C	844	19.226245	20.145053	69
C	845	6.714301	14.536712	86
C	846	22.533278	26.545861	74
C	847	3.160764	29.609167	74
C	848	29.307416	2.596210	46
C	849	8.796194	13.939210	2
C	850	7.172535	26.211524	60
C	851	7.887354	26.246427	82
C	852	19.550567	6.896905	46
C	853	22.517658	28.490695	53
C	854	0.705278	23.109756	58
C	855	1.699269	20.175801	68
C	856	11.544358	14.782190	92
C	857	5.029846	7.887499	17
C	858	8.012503	18.789039	25
C	859	18.681825	27.238749	14
C	860	8.934092	25.396126	25
C	861	11.775461	1.467370	31
C	862	21.941987	14.936224	4
C	863	1.076536	21.249403	70
C	864	17.532434	9.872731	42
C	865	5.188613	24.704970	14
C	866	6.084255	13.075967	5
C	867	20.951397	25.634823	70
C	868	19.972872	13.469055	44
C	869	24.125518	20.678150	80
C	870	6.578811	25.824786	52
C	871	10.853952	18.123169	65
C	872	10.606977	15.883798	66
C	873	26.010669	18.619480	96
C	874	4.672837	14.692494	88
C	875	15.858229	13.606929	34
C	876	10.088620	27.633689	33
C	877	15.074299	2.030608	61
C	878	12.569914	16.150835	7
C	879	23.280011	0.102348	30
C	880	26.023566	28.468624	14
C	881	24.807318	2.107821	66
C	882	11.544591	15.758715	12
C	883	27.742644	1.517463	12
C	884	29.227770	21.868161	71
C	885	22.195614	5.806581	69
C	886	17.692948	3.049565	79
C	887	23.929750	28.299924	62
C	888	18.933363	19.940419	38
C	889	16.919404	23.606200	3
C	890	4.632913	2.777633	27
C	891	7.213129	14.721533	62
C	892	0.411322	22.287428	34
C	893	16.752140	12.981236	30
C	894	8.438263	10.032151	83
C	895	13.083584	4.461829	27
C	896	8.500776	7.890902	96
C	897	6.569650	20.045367	87
C	898	23.649616	4.312294	97
C	899	21.562830	22.877386	39
C	900	26.180455	13.758444	18
C	901	28.683967	13.873403	100
C	902	16.808009	22.613717	55
C	903	12.173327	5.741372	83
C	904	12.554136	29.092731	47
C	905	29.347572	17.187049	42
C	906	1.870364	6.560702	68
C	907	1.908582	2.281687	31
C	908	28.848129	18.660722	55
C	909	15.262923	7.286392	74
C	910	28.692874	28.346507	61
C	911	11.748221	7.193649	20
C	912	6.237409	18.317870	92
C	913	27.239016	29.887025	72
C	914	22.630164	18.801846	31
C	915	22.764411	18.810619	14
C	916	2.560289	21.448378	92
C	917	2.684022	19.368298	9
C	918	14.062096	14.857350	75
C	919	25.109671	26.616232	29
C	920	13.950081	24.457243	64
C	921	13.803281	15.820445	54
C	922	1.017945	15.711863	90
C	923	18.102132	29.866074	49
C	924	4.372585	3.365055	35
C	925	7.152466	3.065459	24
C	926	1.711562	18.900687	75
C	927	10.259108	7.948970	30
C	928	7.218557	7.498124	11
C	929	7.835995	29.848721	23
C	930	26.299970	0.600407	20
C	931	18.659341	28.860259	80
C	932	22.048785	21.343363	23
C	933	18.228558	6.110881	74
C	934	6.200713	13.338229	63
C	935	2.727113	20.150793	69
C	936	7.795472	16.530393	68
C	937	5.971239	8.813417	30
C	938	2.242256	24.073370	52
C	939	8.679491	6.614841	74
C	940	27.438425	15.831957	56
C	941	9.680300	29.149987	12
C	942	4.732643	19.939408	93
C	943	7.098957	11.951200	99
C	944	27.437532	14.934952	83
C	945	11.799922	23.737501	24
C	946	15.535359	0.459262	12
C	947	22.597761	7.584144	26
C	948	21.802626	10.826318	84
C	949	13.695024	28.003338	38
C	950	24.164547	16.422137	55
C	951	18.154132	1.960019	47
C	952	2.952530	24.125370	91
C	953	10.773436	5.194786	96
C	954	18.198741	19.452926	47
C	955	11.809627	15.637166	26
C	956	5.284883	21.489927	20
C	957	14.787152	10.017526	74
C	958	11.429335	21.886109	7
C	959	21.968727	8.866866	30
C	960	6.821061	3.768649	96
C	961	2.604368	22.356420	79
C	962	4.227911	25.202129	9
C	963	29.940564	26.030537	18
C	964	6.028447	13.635588	52
C	965	24.033875	0.192994	23
C	966	0.057725	12.188007	39
C	967	2.153013	3.010255	71
C	968	6.313377	12.926448	5
C	969	8.205041	24.512118	90
C	970	2.379375	20.014668	44
C	971	10.149283	7.664258	12
C	972	11.504595	24.936435	53
C	973	17.681784	22.933930	37
C	974	16.822545	9.650511	10
C	975	1.800797	23.643606	87
C	976	13.419160	4.405164	12
C	977	16.000026	17.647071	21
C	978	29.607293	15.940590	12
C	979	13.677607	5.635740	47
C	980	29.576178	7.711482	10
C	981	5.828734	29.633902	66
C	982	19.899489	7.981747	46
C	983	2.644157	26.212866	53
C	984	20.908196	10.849198	62
C	985	20.724983	23.287570	92
C	986	0.863866	0.874266	78
C	987	0.951828	12.368461	81
C	988	25.810702	18.633612	65
C	989	5.302391	12.633246	36
C	990	28.284123	7.103188	62
C	991	6.276852	11.703283	61
C	992	11.508352	22.276878	14
C	993	29.350353	11.115645	22
C	994	8.217468	13.027961	30
C	995	16.751386	7.793646	18
C	996	20.739443	22.580120	97
C	997	7.427548	10.638931	20
C	998	0.561867	10.071704	40
C	999	6.851797	21.470063	1
