100	1000	
F	0	16.841405	6.749499	1
F	1	11.792753	13.318152	1
F	2	8.551238	4.343432	1
F	3	16.906635	25.940361	1
F	4	26.862055	6.924140	1
F	5	0.120348	13.817427	1
F	6	5.289699	18.784987	1
F	7	28.346208	25.382538	1
F	8	0.299908	7.712426	1
F	9	1.222601	13.318424	1
F	10	5.233276	10.995620	1
F	11	1.764578	16.872984	1
F	12	4.018176	26.360592	1
F	13	17.053316	15.638521	1
F	14	6.206359	26.063260	1
F	15	23.113984	23.047764	1
F	16	2.812759	4.906738	1
F	17	6.365916	11.363997	1
F	18	9.250169	23.272551	1
F	19	7.304358	6.112224	1
F	20	0.196691	7.424706	1
F	21	19.929651	5.486390	1
F	22	26.209693	18.275859	1
F	23	0.868928	26.509601	1
F	24	25.988285	2.091529	1
F	25	9.828025	1.221562	1
F	26	13.087149	11.592603	1
F	27	18.094546	17.105326	1
F	28	7.953194	5.147862	1
F	29	2.743847	14.159553	1
F	30	1.211121	25.857831	1
F	31	7.207317	4.023880	1
F	32	0.764569	13.573233	1
F	33	15.387877	10.014738	1
F	34	6.845784	22.692235	1
F	35	16.126963	7.042475	1
F	36	0.116940	6.056614	1
F	37	12.528865	26.326633	1
F	38	24.332473	13.397793	1
F	39	22.836234	20.320758	1
F	40	15.489322	2.664259	1
F	41	21.542320	28.576471	1
F	42	14.256862	9.636866	1
F	43	15.681797	22.210056	1
F	44	14.784727	18.425643	1
F	45	6.369609	15.995848	1
F	46	14.283474	13.576927	1
F	47	20.019729	15.048043	1
F	48	27.150160	5.407606	1
F	49	25.062781	3.995944	1
F	50	28.099840	11.189744	1
F	51	11.038419	28.216781	1
F	52	17.246357	23.567284	1
F	53	24.543414	11.578830	1
F	54	6.965077	17.379648	1
F	55	1.899588	22.454399	1
F	56	20.043907	23.441908	1
F	57	21.030870	4.300768	1
F	58	3.078773	6.712666	1
F	59	26.510824	17.863500	1
F	60	25.138310	2.880434	1
F	61	3.859349	9.421784	1
F	62	16.457360	23.879077	1
F	63	24.469827	13.607520	1
F	64	29.286683	19.532608	1
F	65	17.603464	27.386523	1
F	66	0.722352	28.641883	1
F	67	25.603304	17.968709	1
F	68	22.209167	20.146718	1
F	69	29.547539	29.174244	1
F	70	7.526365	1.447127	1
F	71	21.628643	27.570272	1
F	72	24.889035	12.659513	1
F	73	1.871040	27.967809	1
F	74	19.372179	28.381865	1
F	75	15.831309	14.510489	1
F	76	1.262298	19.690658	1
F	77	23.932272	17.719659	1
F	78	13.569735	18.402099	1
F	79	1.327179	12.856418	1
F	80	7.934707	18.930643	1
F	81	10.242941	8.657059	1
F	82	17.572526	5.846245	1
F	83	26.625768	9.781693	1
F	84	25.992963	26.173307	1
F	85	8.955937	3.519328	1
F	86	27.620434	0.584580	1
F	87	1.089600	22.509470	1
F	88	13.244092	2.960641	1
F	89	20.477278	2.616271	1
F	90	1.342506	6.308587	1
F	91	17.126760	2.604804	1
F	92	25.999245	11.059032	1
F	93	20.324463	9.568980	1
F	94	29.461131	21.651642	1
F	95	22.425398	7.395838	1
F	96	10.582285	2.668340	1
F	97	16.052897	28.154811	1
F	98	8.514585	12.678664	1
F	99	7.936504	4.507548	1
C	0	8.851971	16.892441	13
C	1	8.026876	6.472406	21
C	2	17.477020	9.116476	47
C	3	28.981875	0.721113	30
C	4	12.077117	19.459153	87
C	5	3.337384	13.419623	15
C	6	25.767740	20.464144	51
C	7	16.024427	21.766985	12
C	8	1.523176	6.348889	91
C	9	1.335965	0.984307	11
C	10	28.000531	23.761363	44
C	11	8.380145	8.582815	94
C	12	26.429703	24.433042	83
C	13	6.737626	4.944288	41
C	14	7.111706	14.674130	32
C	15	9.451836	15.963677	58
C	16	1.566571	17.478712	85
C	17	22.436083	19.043591	65
C	18	26.595189	21.417958	51
C	19	19.764704	8.672306	91
C	20	10.877111	23.102088	9
C	21	22.091928	6.644851	16
C	22	13.566231	8.116355	53
C	23	28.411836	15.089407	41
C	24	14.465244	29.747801	88
C	25	16.073714	12.465775	32
C	26	23.509165	24.453858	60
C	27	21.048590	19.938868	4
C	28	18.886900	27.786216	67
C	29	24.883156	25.998606	14
C	30	12.460346	4.334992	21
C	31	11.962283	14.026916	79
C	32	21.813704	4.398366	34
C	33	3.070507	18.408893	67
C	34	25.816324	22.835211	60
C	35	27.081199	6.693436	72
C	36	15.937299	19.173127	34
C	37	13.338287	29.503530	10
C	38	27.289482	11.750123	36
C	39	14.592937	11.754726	24
C	40	11.497925	0.666650	20
C	41	24.220501	5.007089	79
C	42	25.120509	15.269091	69
C	43	24.945957	14.007409	54
C	44	13.055308	19.829113	71
C	45	10.006015	25.515653	100
C	46	24.164106	21.968298	11
C	47	9.542570	15.977810	55
C	48	26.366664	12.613077	65
C	49	4.386703	22.182989	14
C	50	5.448289	1.467902	98
C	51	28.876424	21.385587	25
C	52	20.641029	12.214711	81
C	53	20.889117	17.930511	2
C	54	23.964834	5.482054	65
C	55	29.685237	5.462759	68
C	56	6.148704	23.905738	34
C	57	10.469848	1.269213	25
C	58	9.174829	5.415805	23
C	59	15.276621	22.230137	52
C	60	25.244919	25.282636	90
C	61	17.745790	19.409024	96
C	62	17.250934	27.288360	30
C	63	5.386835	13.617598	24
C	64	9.901438	9.773538	14
C	65	5.800586	15.349726	89
C	66	11.241439	4.677011	47
C	67	6.735314	1.882468	47
C	68	16.891722	27.624431	50
C	69	19.812979	10.856556	82
C	70	3.106485	19.498216	23
C	71	16.319315	9.255189	69
C	72	13.403954	26.789163	60
C	73	10.524401	22.578784	91
C	74	2.204968	25.801022	74
C	75	14.808921	27.449887	30
C	76	21.083658	2.554711	91
C	77	16.858911	8.334592	85
C	78	29.843071	22.245746	37
C	79	21.952190	9.744509	7
C	80	2.019283	27.752776	50
C	81	25.094235	13.260723	86
C	82	2.429787	1.829549	83
C	83	15.143191	19.321508	30
C	84	29.453980	4.956170	87
C	85	0.178065	2.560465	48
C	86	24.454386	16.497379	49
C	87	11.815654	7.858340	72
C	88	13.286543	22.340055	24
C	89	0.437123	15.491511	72
C	90	18.141077	15.246044	23
C	91	12.941398	9.224735	13
C	92	17.800755	29.800309	67
C	93	17.559327	17.643826	4
C	94	22.046055	9.511517	88
C	95	27.388335	24.065338	80
C	96	7.264293	22.482571	44
C	97	7.326061	9.694079	35
C	98	24.312120	22.469252	79
C	99	29.015588	23.766100	93
C	100	27.425422	29.193652	16
C	101	26.326565	21.879807	1
C	102	15.691032	8.142219	13
C	103	29.738147	28.977574	28
C	104	0.482274	0.175271	91
C	105	14.469085	18.623351	87
C	106	15.421315	27.410483	9
C	107	27.848086	3.222069	33
C	108	27.210792	15.407414	23
C	109	20.865895	19.256847	45
C	110	24.918930	18.254231	39
C	111	13.322185	2.183223	72
C	112	10.736801	20.648246	82
C	113	11.877302	5.048921	22
C	114	13.117498	10.892890	53
C	115	28.815021	10.542920	69
C	116	10.086543	25.141585	21
C	117	2.422727	25.777575	1
C	118	3.283804	2.160874	40
C	119	24.755149	3.766077	44
C	120	2.336145	9.224234	72
C	121	22.389428	17.757460	15
C	122	6.634717	20.237515	8
C	123	20.979529	3.845509	90
C	124	5.644928	11.845424	18
C	125	23.102356	0.563859	48
C	126	0.099655	6.424541	22
C	127	2.747082	10.836456	62
C	128	27.072787	14.624384	82
C	129	15.885377	10.190285	100
C	130	25.517274	14.700397	54
C	131	20.733205	5.603817	49
C	132	9.841983	23.155932	100
C	133	1.381392	13.125786	19
C	134	25.316807	26.136541	28
C	135	16.891864	27.652952	90
C	136	5.360775	9.281292	5
C	137	15.410411	11.995492	37
C	138	29.518807	6.389940	23
C	139	15.841002	5.163735	27
C	140	18.235364	8.943358	33
C	141	5.727593	18.335019	13
C	142	15.367899	8.474675	50
C	143	29.171475	12.440687	15
C	144	23.099059	15.056852	86
C	145	22.630972	18.616333	2
C	146	29.757249	13.364177	83
C	147	24.220150	9.599232	6
C	148	6.520109	25.601542	2
C	149	22.725018	1.836916	74
C	150	21.738083	9.616882	49
C	151	29.489868	27.098858	26
C	152	18.898173	14.900279	88
C	153	9.094350	18.416980	9
C	154	21.290219	24.935351	15
C	155	23.580715	9.525583	6
C	156	3.878709	29.308308	56
C	157	27.860602	19.246608	36
C	158	7.782983	27.032078	19
C	159	1.687295	0.882042	89
C	160	12.088929	24.318267	87
C	161	19.498375	11.846178	24
C	162	7.682444	13.718526	37
C	163	21.445410	14.202554	86
C	164	9.320068	14.170428	42
C	165	16.039469	1.058151	65
C	166	23.787309	15.529337	28
C	167	28.157008	12.685483	46
C	168	0.429616	7.251358	53
C	169	1.102463	21.719834	2
C	170	2.186710	24.683178	24
C	171	1.245418	6.065419	85
C	172	23.991486	29.106020	14
C	173	25.312027	1.774469	25
C	174	26.138097	26.999322	99
C	175	2.656511	8.227027	100
C	176	21.317590	22.154886	26
C	177	20.073205	29.000034	33
C	178	5.873412	11.518615	5
C	179	13.202587	15.193480	80
C	180	25.689043	29.242057	7
C	181	16.251630	19.476352	6
C	182	14.771394	14.408639	5
C	183	2.161835	15.201010	94
C	184	21.659997	3.264297	66
C	185	6.920844	23.846707	71
C	186	27.947475	8.166262	51
C	187	29.912126	21.938960	21
C	188	7.272282	25.224153	59
C	189	23.713429	3.410379	69
C	190	22.223476	26.369940	9
C	191	11.637406	13.541065	45
C	192	18.524826	1.710611	93
C	193	12.541099	24.398237	97
C	194	13.229226	25.743687	83
C	195	9.591717	8.918269	86
C	196	24.985744	25.843348	13
C	197	28.394621	9.757137	10
C	198	10.251986	0.556455	32
C	199	24.958147	1.911984	65
C	200	3.820752	1.878991	11
C	201	25.758691	1.768227	7
C	202	10.045252	25.670816	2
C	203	23.707188	17.317534	76
C	204	20.894970	17.420617	32
C	205	20.727913	13.118445	52
C	206	13.790556	2.365319	75
C	207	26.659511	2.315382	9
C	208	4.075930	9.200610	85
C	209	26.713620	17.305155	32
C	210	4.944297	6.305337	88
C	211	26.223424	29.930040	43
C	212	2.148684	24.618045	89
C	213	9.687178	12.400671	44
C	214	25.174500	4.645325	88
C	215	14.312654	28.995252	54
C	216	6.524315	10.071345	67
C	217	0.763479	16.569568	91
C	218	5.742161	24.470667	74
C	219	3.887102	26.637131	25
C	220	11.891284	24.615015	59
C	221	9.755576	25.681840	34
C	222	26.980334	6.415087	21
C	223	27.997223	1.056263	3
C	224	15.615697	24.710842	82
C	225	18.361419	20.559994	3
C	226	1.016179	14.584843	41
C	227	20.490034	3.164863	95
C	228	9.202887	0.177211	12
C	229	15.565534	4.377387	24
C	230	4.822536	29.878188	11
C	231	3.372639	11.346851	74
C	232	9.949533	4.136119	30
C	233	27.916419	15.691694	12
C	234	28.606786	1.803521	50
C	235	12.328825	10.498070	13
C	236	26.418536	22.084401	64
C	237	6.179910	23.398869	76
C	238	28.499488	4.177132	22
C	239	24.455133	14.115185	100
C	240	28.887974	12.816551	7
C	241	4.675179	29.904153	61
C	242	27.401394	25.165212	94
C	243	3.069016	6.604281	47
C	244	25.342424	18.634550	5
C	245	10.981668	0.164959	81
C	246	18.512738	14.354308	100
C	247	11.511811	28.462271	71
C	248	18.490426	9.428230	71
C	249	14.153965	17.097212	25
C	250	11.231750	26.482790	47
C	251	27.595281	7.650286	82
C	252	18.567191	3.775191	10
C	253	1.049155	17.066680	67
C	254	7.952324	25.504288	36
C	255	1.181865	6.840298	92
C	256	8.320839	5.857044	22
C	257	6.744451	5.722233	28
C	258	1.022256	9.813467	86
C	259	12.326515	26.364680	33
C	260	28.448017	23.308183	51
C	261	26.529639	16.960755	96
C	262	7.662491	8.041450	59
C	263	15.423026	26.152917	81
C	264	17.469680	29.576991	60
C	265	13.250129	28.701430	60
C	266	26.059781	10.845410	45
C	267	6.351716	14.626972	75
C	268	14.620602	7.400872	35
C	269	1.693651	22.572925	66
C	270	2.905160	2.875516	26
C	271	29.413223	11.225999	94
C	272	8.732560	6.157675	27
C	273	16.948232	9.754816	19
C	274	15.971142	29.274747	40
C	275	6.119496	14.419159	83
C	276	22.582930	2.649135	51
C	277	1.379915	0.245420	92
C	278	10.690585	16.802941	5
C	279	26.398337	28.160265	74
C	280	16.379931	9.648466	16
C	281	26.861695	12.439712	51
C	282	20.493876	3.213411	7
C	283	27.066684	5.114478	26
C	284	10.614283	28.760335	69
C	285	27.687403	13.519442	94
C	286	1.635851	27.100626	69
C	287	24.745441	10.368411	90
C	288	3.258301	11.693673	22
C	289	20.123227	19.229443	54
C	290	10.968420	26.242723	75
C	291	3.648602	3.551349	72
C	292	28.891859	5.028517	1
C	293	3.796770	9.582444	33
C	294	21.831458	0.195107	4
C	295	7.742709	8.211389	12
C	296	9.843572	4.604403	92
C	297	20.651101	0.337448	49
C	298	7.817814	17.717784	86
C	299	5.451926	18.432097	78
C	300	16.478120	3.139329	66
C	301	1.951539	18.113971	63
C	302	0.239955	26.696981	71
C	303	28.482382	3.498256	44
C	304	8.390654	18.605609	81
C	305	22.727699	19.359074	63
C	306	14.848332	26.376301	26
C	307	22.910423	13.740191	84
C	308	1.404818	26.707193	54
C	309	23.322635	23.236276	82
C	310	26.902300	1.065343	57
C	311	1.447665	6.745872	69
C	312	5.669747	22.098765	32
C	313	7.083320	13.487561	15
C	314	9.816550	12.535246	46
C	315	1.919658	26.294669	1
C	316	15.674575	3.871198	8
C	317	14.408640	15.914530	14
C	318	0.568179	12.891022	90
C	319	19.412786	8.958833	29
C	320	1.496631	12.140484	19
C	321	28.317907	16.344964	64
C	322	8.516785	21.228330	53
C	323	0.085155	9.921603	72
C	324	17.935523	23.407790	48
C	325	3.157879	14.837823	56
C	326	24.473133	4.605544	83
C	327	21.583695	0.142880	91
C	328	26.704309	28.667015	56
C	329	13.630441	6.520859	21
C	330	11.202261	15.550100	69
C	331	2.815528	26.876836	22
C	332	19.421298	17.224169	83
C	333	12.791366	19.989476	39
C	334	0.115191	2.204152	65
C	335	28.948309	1.611822	16
C	336	14.344636	27.266216	1
C	337	17.956786	22.861421	43
C	338	18.494546	18.041941	99
C	339	2.783024	6.430069	54
C	340	11.449731	5.940903	24
C	341	21.267891	5.922864	7
C	342	10.546447	12.851586	75
C	343	6.065744	7.250756	8
C	344	11.518601	19.696186	21
C	345	13.771615	22.720862	72
C	346	5.246285	16.587143	60
C	347	19.597698	24.667583	80
C	348	3.811312	2.389064	38
C	349	14.657059	3.926503	1
C	350	4.593216	13.605368	9
C	351	5.538325	18.937852	8
C	352	10.871584	23.495112	17
C	353	11.799273	29.366129	13
C	354	11.537053	14.582297	31
C	355	5.796198	22.986784	64
C	356	20.523200	27.064089	20
C	357	28.909648	1.069647	66
C	358	9.915675	4.975392	55
C	359	8.320403	21.434276	76
C	360	24.671578	22.092018	86
C	361	14.155138	29.917864	75
C	362	8.679162	3.752837	49
C	363	24.585447	12.490474	20
C	364	6.141901	9.242506	13
C	365	16.416977	10.735117	65
C	366	22.847874	21.955302	35
C	367	29.672969	3.719458	66
C	368	15.450413	11.472242	7
C	369	3.085587	26.987466	85
C	370	26.054539	8.881786	71
C	371	19.974250	16.577739	83
C	372	5.945875	18.883898	91
C	373	17.647386	15.861550	97
C	374	23.859291	25.967790	42
C	375	7.295827	18.530869	63
C	376	18.059808	21.450965	21
C	377	18.448732	26.738969	1
C	378	25.203802	13.034179	43
C	379	9.229443	1.345703	58
C	380	22.276685	25.646419	1
C	381	12.080820	15.124559	3
C	382	17.601721	11.753789	17
C	383	18.844017	3.052135	17
C	384	23.226031	21.929605	15
C	385	0.039601	19.280570	48
C	386	0.811390	20.013851	33
C	387	5.858309	6.757266	34
C	388	8.897749	23.505695	13
C	389	22.618816	2.757039	39
C	390	19.473485	29.914643	61
C	391	21.287908	7.533292	50
C	392	21.365608	9.736641	13
C	393	4.272262	16.569410	61
C	394	22.770820	13.501704	69
C	395	17.915113	15.047505	77
C	396	9.148124	29.995933	26
C	397	0.172064	26.749845	56
C	398	11.749722	19.016082	42
C	399	29.801980	4.975753	84
C	400	10.945686	29.841580	40
C	401	24.256322	11.757077	65
C	402	19.855431	0.114631	66
C	403	18.514342	28.753180	83
C	404	23.620326	11.133158	61
C	405	1.510220	13.093811	59
C	406	11.047801	22.798128	97
C	407	20.627103	2.413409	81
C	408	2.534768	24.899365	59
C	409	18.982819	25.305588	39
C	410	8.401069	6.897932	90
C	411	10.353093	17.549193	12
C	412	6.893866	10.525157	41
C	413	14.299038	18.643588	7
C	414	29.541239	14.101018	28
C	415	23.619341	10.486925	7
C	416	13.942598	17.875663	6
C	417	22.244002	3.798029	12
C	418	17.990294	10.758345	93
C	419	2.551209	11.610620	18
C	420	21.891503	4.061429	50
C	421	24.704431	2.939304	5
C	422	26.859556	15.331534	67
C	423	5.352714	29.394325	14
C	424	10.230899	24.335533	66
C	425	24.699913	18.631968	87
C	426	1.233465	5.053006	91
C	427	6.181161	8.127331	91
C	428	15.578163	20.480199	42
C	429	26.770919	15.119402	32
C	430	4.581216	20.390259	74
C	431	25.606327	18.523814	34
C	432	8.265922	17.850329	96
C	433	22.321844	26.256217	92
C	434	28.608674	24.873053	68
C	435	7.866837	20.500177	9
C	436	28.934482	2.571268	50
C	437	23.439481	25.794038	64
C	438	17.902802	28.792194	89
C	439	25.188363	28.133701	61
C	440	23.127727	19.888276	3
C	441	16.765669	24.361193	31
C	442	24.941282	22.946830	72
C	443	2.488524	10.519445	95
C	444	13.427028	29.259442	37
C	445	25.638847	18.008245	99
C	446	19.649702	21.245174	2
C	447	6.532059	27.915624	42
C	448	9.095503	28.853903	63
C	449	24.171841	7.704177	46
C	450	23.726956	2.038678	11
C	451	28.204353	22.661437	12
C	452	4.609945	21.643834	50
C	453	18.455475	22.512747	29
C	454	20.436029	13.643838	78
C	455	20.646448	13.563756	15
C	456	3.532114	7.412117	15
C	457	7.924949	28.473397	68
C	458	0.358947	10.413472	5
C	459	8.992842	13.785975	9
C	460	9.672915	4.631689	99
C	461	1.794220	29.322616	31
C	462	25.876863	8.326280	42
C	463	27.238241	4.972367	47
C	464	7.180183	21.410081	22
C	465	12.676544	0.907139	61
C	466	23.448759	10.880897	7
C	467	23.568576	28.058705	23
C	468	2.524731	12.024052	24
C	469	20.571452	22.960760	47
C	470	25.667890	11.217900	83
C	471	6.524516	29.200004	78
C	472	18.630017	14.449464	77
C	473	27.673401	18.988964	54
C	474	24.862936	6.666243	25
C	475	2.774939	4.535851	65
C	476	11.297932	4.569159	5
C	477	3.858467	7.174796	26
C	478	12.895439	1.096708	58
C	479	12.147162	20.075622	67
C	480	22.506789	24.823706	71
C	481	20.982760	15.955548	68
C	482	5.704603	14.551336	30
C	483	14.014253	8.229334	20
C	484	26.575388	4.585705	96
C	485	1.190094	22.243278	7
C	486	15.803605	7.714609	87
C	487	21.443282	4.433623	11
C	488	22.164073	19.116683	74
C	489	23.422587	17.027010	91
C	490	25.782926	26.197526	19
C	491	21.562861	7.080858	25
C	492	0.766685	25.421328	21
C	493	14.255654	13.662124	12
C	494	26.518036	26.402817	23
C	495	3.737746	19.024826	94
C	496	21.226523	24.720506	72
C	497	4.980374	26.931126	81
C	498	9.271842	18.994627	69
C	499	5.160460	5.847230	47
C	500	23.580332	6.350554	27
C	501	28.090508	9.383938	51
C	502	14.065163	19.533790	77
C	503	13.817560	6.229236	4
C	504	8.650473	7.240147	57
C	505	23.256246	4.433399	1
C	506	3.437673	14.819107	20
C	507	11.514257	4.204359	13
C	508	10.240435	25.769912	26
C	509	17.866483	6.758471	78
C	510	22.172728	21.604229	79
C	511	25.783297	13.399251	48
C	512	16.324735	0.763671	45
C	513	10.330377	25.596577	60
C	514	19.758298	15.490836	19
C	515	1.443807	13.338631	93
C	516	21.841390	29.534315	19
C	517	22.722568	5.906553	5
C	518	19.068104	6.540129	3
C	519	12.135789	27.718577	44
C	520	13.780276	5.392035	48
C	521	2.151976	17.217949	73
C	522	20.211142	13.666234	20
C	523	21.422308	0.451577	20
C	524	9.436145	9.288790	36
C	525	7.210049	1.608874	94
C	526	0.893019	2.993346	66
C	527	15.008125	17.217754	59
C	528	3.757017	25.338501	74
C	529	12.814331	23.515316	34
C	530	10.829337	14.258138	5
C	531	6.853946	2.670727	1
C	532	13.792453	29.576515	36
C	533	8.577280	2.860557	81
C	534	6.116643	20.713069	56
C	535	0.579134	19.896919	44
C	536	26.105104	2.731111	81
C	537	7.114868	16.316246	75
C	538	16.397344	28.537175	56
C	539	16.767823	25.833490	58
C	540	7.825966	23.977872	52
C	541	27.442364	8.718985	86
C	542	26.971218	12.450488	57
C	543	25.936739	0.728235	49
C	544	7.788989	8.751070	46
C	545	24.243551	18.618326	28
C	546	23.009209	1.097497	41
C	547	21.289054	6.801662	16
C	548	0.674011	29.866334	32
C	549	9.662219	6.790655	95
C	550	20.579402	10.241353	11
C	551	26.687573	16.684506	31
C	552	12.972464	3.802441	19
C	553	3.000753	29.369808	31
C	554	2.339617	19.768576	51
C	555	25.203298	10.165582	54
C	556	13.746448	22.645662	24
C	557	18.884567	10.717666	16
C	558	5.096150	14.821307	12
C	559	11.445902	12.885139	50
C	560	23.572377	5.689452	1
C	561	1.503465	16.581586	68
C	562	6.786949	22.792519	50
C	563	23.383247	7.460961	36
C	564	22.658852	3.045466	1
C	565	14.251615	13.238255	57
C	566	13.286819	10.939189	32
C	567	29.922761	26.259283	33
C	568	14.741630	2.923514	83
C	569	25.629091	17.081247	87
C	570	22.692090	20.832389	91
C	571	27.246829	6.438538	87
C	572	13.478051	16.131397	73
C	573	17.156204	18.574201	99
C	574	0.952703	28.602106	35
C	575	1.459339	24.525080	70
C	576	4.291558	2.962805	26
C	577	11.106666	11.078507	27
C	578	25.755324	4.489913	85
C	579	18.539468	18.414176	10
C	580	7.535379	2.791083	21
C	581	1.652431	20.822198	95
C	582	13.730272	1.575192	40
C	583	17.081481	28.471902	91
C	584	4.498706	12.710572	77
C	585	15.553149	27.190796	42
C	586	3.542961	12.799978	44
C	587	3.629334	17.021012	53
C	588	28.931375	20.785539	9
C	589	5.595213	29.884078	7
C	590	19.387645	7.054552	2
C	591	24.409158	23.679203	9
C	592	10.017357	5.515824	26
C	593	4.757710	5.772681	3
C	594	10.005737	23.297178	97
C	595	24.186857	17.541116	26
C	596	26.088262	25.839288	59
C	597	8.363314	9.818534	28
C	598	27.414481	25.444795	59
C	599	8.290436	1.913187	93
C	600	8.155367	23.843584	14
C	601	29.103983	11.698328	1
C	602	6.643562	2.733317	79
C	603	28.719340	5.574937	38
C	604	23.518856	4.314553	51
C	605	5.459014	12.906501	13
C	606	11.369106	29.868172	7
C	607	6.585704	21.386463	77
C	608	5.383996	11.343414	91
C	609	27.159144	15.389733	43
C	610	4.640592	21.346001	38
C	611	2.930849	0.728854	11
C	612	17.185289	11.294163	38
C	613	10.547387	14.599770	29
C	614	6.738957	18.837823	53
C	615	16.512957	14.894324	66
C	616	12.681407	15.616940	71
C	617	26.592652	19.324970	48
C	618	18.350257	25.311992	18
C	619	24.899906	11.869113	79
C	620	29.626545	0.358921	54
C	621	24.775613	10.995651	19
C	622	0.227093	1.361317	40
C	623	2.382114	5.611089	80
C	624	12.704731	29.541258	73
C	625	21.000823	17.345323	88
C	626	20.887259	23.931671	57
C	627	18.074177	8.072548	31
C	628	5.225834	28.621564	15
C	629	22.672318	11.964791	15
C	630	17.459387	9.185274	24
C	631	26.859115	0.140795	80
C	632	24.802214	23.451766	67
C	633	19.465764	13.152471	2
C	634	18.763758	14.365671	18
C	635	25.021584	18.390304	18
C	636	14.724591	19.797197	67
C	637	29.385955	14.951684	76
C	638	21.158514	1.768068	46
C	639	20.562774	3.863245	57
C	640	1.309326	11.563596	19
C	641	21.208568	22.196585	83
C	642	5.495268	9.282745	20
C	643	0.269133	10.721102	8
C	644	7.904310	22.941451	11
C	645	22.685893	25.363697	72
C	646	2.126725	19.545008	73
C	647	25.504492	26.928939	33
C	648	12.996774	14.970256	20
C	649	10.081410	1.760532	91
C	650	29.335927	5.102994	12
C	651	20.150836	14.060518	25
C	652	24.900191	19.536791	61
C	653	29.012203	16.058705	3
C	654	21.304859	19.574976	56
C	655	19.921950	22.614185	34
C	656	1.138573	11.130519	90
C	657	14.810770	6.633841	13
C	658	20.413264	15.079903	16
C	659	17.354942	28.317573	56
C	660	8.021354	10.040835	79
C	661	23.681270	10.148080	91
C	662	29.585843	19.185762	35
C	663	7.077019	12.582617	98
C	664	4.156018	17.158429	45
C	665	14.343149	3.491945	4
C	666	22.261423	4.493985	15
C	667	17.552463	17.161614	63
C	668	24.030776	16.564665	80
C	669	3.220319	15.335635	12
C	670	6.139642	23.142270	19
C	671	7.949820	7.278214	98
C	672	4.272788	22.760591	94
C	673	13.912055	24.686052	90
C	674	7.840494	1.266997	57
C	675	23.003626	15.861848	56
C	676	11.307832	16.684896	14
C	677	26.009928	10.893675	29
C	678	5.870658	3.086947	89
C	679	23.476292	10.026676	33
C	680	20.245376	7.819441	71
C	681	13.518621	12.506799	52
C	682	12.313426	1.071084	9
C	683	29.668413	6.344202	84
C	684	17.635749	2.888733	54
C	685	21.679837	23.775391	17
C	686	26.031003	29.629657	69
C	687	1.053605	0.303791	95
C	688	22.390248	14.965660	29
C	689	24.989843	0.230742	84
C	690	16.232657	17.993469	50
C	691	16.092590	27.540490	59
C	692	4.678365	12.102518	27
C	693	8.434165	10.549023	36
C	694	15.189465	1.910456	8
C	695	20.575699	5.434841	23
C	696	9.729897	4.094320	40
C	697	17.941640	22.043323	74
C	698	5.165404	17.610053	85
C	699	28.387524	22.801153	19
C	700	20.498786	20.067361	85
C	701	16.576544	16.529788	55
C	702	19.697018	17.630149	68
C	703	16.833579	12.087266	30
C	704	2.595809	11.823423	45
C	705	12.318008	18.828466	76
C	706	29.816892	28.410598	86
C	707	16.368956	4.495256	58
C	708	10.513117	24.803121	4
C	709	15.044280	25.702582	74
C	710	26.713577	5.619979	42
C	711	1.137423	6.443474	27
C	712	9.714299	19.079063	77
C	713	28.486796	14.879703	2
C	714	6.689116	26.874321	62
C	715	7.680856	27.187902	82
C	716	16.941682	24.257399	18
C	717	13.717690	6.638700	30
C	718	11.887548	0.551270	76
C	719	18.725966	14.483357	98
C	720	12.374692	1.043974	65
C	721	3.311824	12.191584	77
C	722	29.454572	19.680780	9
C	723	16.686840	9.967689	91
C	724	14.483900	1.731120	12
C	725	5.670271	11.197477	16
C	726	7.351098	6.807693	13
C	727	17.640951	17.065397	51
C	728	25.886756	16.127747	90
C	729	1.945100	2.575872	97
C	730	13.002068	9.625956	21
C	731	29.763774	29.943750	26
C	732	3.883356	13.481465	4
C	733	6.582450	15.770904	40
C	734	14.032734	25.308416	56
C	735	0.254261	26.407426	48
C	736	26.352390	3.566084	15
C	737	8.599010	25.806962	41
C	738	23.246864	25.285850	57
C	739	5.774651	7.730764	71
C	740	27.016970	11.444921	66
C	741	18.928241	4.368069	98
C	742	18.252615	6.569192	49
C	743	21.433466	14.139371	42
C	744	22.696939	23.378566	99
C	745	16.715244	5.699007	10
C	746	3.004522	16.479018	75
C	747	5.642757	6.887878	69
C	748	29.960483	12.225207	39
C	749	22.658782	13.993217	50
C	750	7.533623	22.913043	66
C	751	10.400643	3.886013	3
C	752	26.479127	18.999653	78
C	753	29.692975	19.725991	74
C	754	14.285504	5.467626	46
C	755	27.456755	11.302474	89
C	756	16.912547	16.384996	42
C	757	15.670543	5.165162	10
C	758	22.954188	7.104009	92
C	759	19.304533	15.651128	31
C	760	0.482575	6.019777	59
C	761	21.350135	3.487097	12
C	762	22.498795	26.992892	56
C	763	10.374975	22.459277	62
C	764	9.218099	3.033757	4
C	765	6.452494	16.751722	63
C	766	25.946799	16.853138	9
C	767	20.637735	22.425926	70
C	768	5.852791	20.330710	3
C	769	12.151917	20.138295	65
C	770	25.798336	9.608672	40
C	771	1.440769	12.710884	20
C	772	25.993669	17.111311	14
C	773	17.876046	18.947857	88
C	774	24.215320	7.180579	61
C	775	4.598985	24.697895	64
C	776	13.200356	25.949119	97
C	777	28.184992	5.699150	35
C	778	22.942011	8.559967	32
C	779	28.158428	2.160110	35
C	780	11.593724	4.610922	36
C	781	18.911832	7.540523	50
C	782	21.464060	9.549567	90
C	783	29.966449	27.316851	13
C	784	29.880277	12.118366	23
C	785	17.455145	25.678614	35
C	786	21.727039	18.895914	54
C	787	8.389497	17.720708	64
C	788	6.007225	26.265543	44
C	789	6.668565	0.222545	45
C	790	3.446122	11.267550	46
C	791	24.920440	16.646477	2
C	792	7.216669	23.105432	8
C	793	22.345627	0.158681	54
C	794	1.665399	20.504055	15
C	795	2.318791	13.259122	11
C	796	25.114977	21.230623	16
C	797	20.799645	16.579037	23
C	798	0.780190	20.766095	81
C	799	13.895887	0.660467	71
C	800	2.884461	1.351033	39
C	801	26.339081	24.611500	72
C	802	20.246947	4.728578	90
C	803	12.332208	26.254172	52
C	804	0.994121	19.000773	60
C	805	26.476717	4.440243	51
C	806	0.268323	21.397157	68
C	807	21.086720	7.484992	8
C	808	14.502589	13.432347	37
C	809	7.643673	16.167988	99
C	810	3.936402	9.962464	95
C	811	29.427110	29.051380	25
C	812	1.193086	20.226756	48
C	813	15.630416	1.973276	84
C	814	10.992850	29.526304	89
C	815	2.633743	13.877311	23
C	816	0.877336	28.972824	70
C	817	8.488811	21.124283	42
C	818	3.701402	20.821019	86
C	819	17.378455	4.695523	65
C	820	9.821792	13.855173	86
C	821	9.135766	10.090115	84
C	822	5.252330	0.222486	19
C	823	17.575107	19.754919	94
C	824	13.654833	25.218780	37
C	825	5.922907	17.591235	33
C	826	5.181244	5.350017	56
C	827	16.642615	6.374330	4
C	828	25.576773	2.273031	8
C	829	8.347606	6.569623	88
C	830	1.799335	10.981349	74
C	831	20.446935	2.676671	46
C	832	9.954173	28.935746	60
C	833	23.800954	13.655575	64
C	834	19.756765	11.179410	50
C	835	18.351098	29.578557	71
C	836	25.034583	27.486864	66
C	837	9.668672	0.286913	17
C	838	27.709350	27.243779	78
C	839	20.041832	11.364183	2
C	840	22.462559	25.964739	67
C	841	28.955419	27.643802	72
C	842	1.314756	15.598033	78
C	843	4.018132	26.891529	15
C	844	17.871065	12.365738	7
C	845	3.461153	19.670399	67
C	846	23.347086	23.908087	89
C	847	22.347071	3.301259	76
C	848	22.843833	16.148025	8
C	849	16.956834	12.600598	26
C	850	27.327435	5.307932	93
C	851	12.179154	22.362017	46
C	852	2.794796	21.847826	9
C	853	22.648930	0.504147	63
C	854	19.091605	12.690762	91
C	855	11.868330	11.554163	97
C	856	8.655501	10.823748	95
C	857	9.197966	9.970257	46
C	858	26.421782	13.216098	1
C	859	6.861786	14.292846	54
C	860	25.581835	10.322939	86
C	861	3.963246	18.928921	74
C	862	4.231026	26.310316	100
C	863	22.230180	27.074859	45
C	864	12.458341	9.187014	37
C	865	9.675456	9.785776	49
C	866	14.494946	21.854611	15
C	867	2.147793	17.289743	2
C	868	13.702436	24.796722	17
C	869	17.793890	2.794041	92
C	870	7.487484	29.662219	56
C	871	14.348204	16.142985	83
C	872	10.485967	23.546170	16
C	873	26.113242	6.907749	85
C	874	6.762267	2.975028	97
C	875	21.200595	2.344103	22
C	876	13.297967	25.163841	51
C	877	21.273024	17.528993	37
C	878	21.474157	13.503205	50
C	879	14.603851	3.932498	11
C	880	22.690219	24.279307	63
C	881	13.718274	7.185165	94
C	882	16.133918	15.866066	8
C	883	24.474908	29.836354	71
C	884	10.662789	12.268798	56
C	885	2.630395	18.150273	98
C	886	11.931017	16.978600	20
C	887	4.293258	22.416985	2
C	888	10.524769	0.406499	95
C	889	29.324734	17.287037	20
C	890	3.381527	20.525329	56
C	891	19.631140	16.679494	80
C	892	15.689170	10.904164	93
C	893	4.208487	7.163327	7
C	894	24.407369	18.812338	76
C	895	11.095825	17.097587	82
C	896	13.091645	24.814099	7
C	897	24.282753	29.225563	90
C	898	10.680166	18.757661	35
C	899	29.061918	21.342955	23
C	900	1.026459	1.692313	34
C	901	9.493228	12.957476	42
C	902	18.670913	13.786485	5
C	903	5.374461	29.195682	49
C	904	14.192984	4.699195	27
C	905	16.482719	17.574512	54
C	906	25.224524	6.113859	22
C	907	4.254006	10.913694	77
C	908	17.018023	8.462492	90
C	909	18.077021	11.425391	23
C	910	27.274830	29.172846	39
C	911	28.522979	10.366475	52
C	912	23.986945	22.805732	16
C	913	9.592039	4.667111	46
C	914	11.563393	8.653956	75
C	915	26.010066	12.589852	23
C	916	10.346269	5.503293	95
C	917	25.547328	29.017182	94
C	918	19.289778	0.921789	25
C	919	28.212864	3.482763	42
C	920	5.620983	14.695583	65
C	921	21.057274	0.845507	32
C	922	20.809442	25.311280	21
C	923	11.759201	7.827465	9
C	924	3.773772	29.836221	38
C	925	19.252857	1.048602	49
C	926	29.009067	17.775835	90
C	927	11.415077	22.996013	44
C	928	10.581567	21.007116	90
C	929	27.663124	22.144959	77
C	930	29.661072	23.673190	18
C	931	4.734811	10.007341	23
C	932	29.176483	0.282139	18
C	933	9.024524	18.466261	22
C	934	1.203928	7.237388	23
C	935	21.949024	6.824911	96
C	936	21.932971	13.006298	27
C	937	7.670418	12.742414	97
C	938	8.317578	19.429619	25
C	939	20.569879	12.091350	17
C	940	19.265840	9.822735	19
C	941	13.139952	18.274908	63
C	942	27.598571	24.555029	20
C	943	11.270920	8.180137	35
C	944	15.562145	8.934044	61
C	945	0.325097	15.223217	46
C	946	2.607234	5.059908	9
C	947	25.230558	1.783717	55
C	948	5.342047	4.255082	91
C	949	20.249978	6.545975	33
C	950	11.492470	12.199001	48
C	951	13.370886	3.425441	55
C	952	25.205299	21.041304	16
C	953	16.167855	3.522877	21
C	954	10.470923	6.737734	64
C	955	15.614227	29.736763	53
C	956	16.560469	28.754178	69
C	957	18.011670	14.159040	5
C	958	23.309207	29.282591	48
C	959	22.339177	8.871352	58
C	960	8.216635	22.664274	81
C	961	24.094569	10.823869	65
C	962	27.724181	19.325128	33
C	963	12.607585	3.066228	51
C	964	23.580210	2.857563	39
C	965	9.612203	5.072679	55
C	966	15.056564	22.983089	46
C	967	8.498120	10.261863	65
C	968	14.024393	24.665975	3
C	969	13.784740	24.495315	70
C	970	1.403708	29.398967	33
C	971	24.232078	17.964177	22
C	972	28.153145	12.243748	85
C	973	2.123217	21.462353	5
C	974	11.526339	24.462394	8
C	975	0.333705	19.742973	45
C	976	17.126667	24.428274	50
C	977	0.566842	14.850849	16
C	978	13.753402	13.174427	51
C	979	17.917077	7.333611	41
C	980	16.031990	27.529280	1
C	981	12.406290	1.088554	51
C	982	20.512368	20.904411	95
C	983	11.350417	4.536761	16
C	984	15.570385	25.135157	71
C	985	29.032076	16.974094	10
C	986	24.534124	23.264154	21
C	987	4.938271	22.687270	39
C	988	5.507902	7.061488	15
C	989	14.149622	17.034240	68
C	990	1.523882	14.483327	48
C	991	6.777214	18.650549	47
C	992	8.911601	7.344056	85
C	993	3.501397	22.665003	80
C	994	20.518482	21.418474	49
C	995	29.998614	6.550472	23
C	996	18.947754	12.404904	87
C	997	7.639026	9.460122	47
C	998	3.309315	18.989443	39
C	999	13.996883	18.879701	89
